0.004 0.45566 0.00118404 4 1 0
0.00392272 0.454531 0.00118999 3 1 0
0.00397987 0.441795 0.00134827 3 1 0
0.00398164 0.441545 0.00135173 3 1 0
0.00398381 0.441076 0.00135797 3 1 0
0.00398595 0.440606 0.00136425 3 1 0
0.00398809 0.440141 0.00137055 3 1 0
0.00399024 0.439672 0.00137689 3 1 0
0.00399238 0.439204 0.00138327 3 1 0
0.00399453 0.43873 0.00138969 3 1 0
0.00399668 0.438262 0.00139614 3 1 0
0.00399884 0.437794 0.00140262 3 1 0
0.00400099 0.437316 0.00140914 3 1 0
0.00400315 0.436848 0.0014157 3 1 0
0.00400531 0.43638 0.00142228 3 1 0
0.00400747 0.435908 0.00142891 3 1 0
0.00400963 0.43544 0.00143556 3 1 0
0.00401179 0.434971 0.00144226 3 1 0
0.00401396 0.434499 0.00144898 3 1 0
0.00401612 0.434029 0.00145575 3 1 0
0.00401829 0.43356 0.00146255 3 1 0
0.00402046 0.433089 0.00146938 3 1 0
0.00402263 0.432619 0.00147625 3 1 0
0.00402481 0.432148 0.00148316 3 1 0
0.00402698 0.431677 0.0014901 3 1 0
0.00402916 0.431206 0.00149707 3 1 0
0.00403134 0.430734 0.00150409 3 1 0
0.00403352 0.430262 0.00151113 3 1 0
0.0040357 0.429791 0.00151822 3 1 0
0.00403789 0.429319 0.00152535 3 1 0
0.00404007 0.428846 0.0015325 3 1 0
0.00404226 0.428375 0.0015397 3 1 0
0.00404445 0.427903 0.00154693 3 1 0
0.00404664 0.42743 0.0015542 3 1 0
0.00404883 0.426959 0.00156151 3 1 0
0.00405102 0.426487 0.00156886 3 1 0
0.00405321 0.426014 0.00157624 3 1 0
0.00405541 0.425542 0.00158366 3 1 0
0.00405761 0.42507 0.00159112 3 1 0
0.0040598 0.424597 0.00159861 3 1 0
0.004062 0.424123 0.00160614 3 1 0
0.00406421 0.42365 0.00161372 3 1 0
0.00406641 0.423179 0.00162132 3 1 0
0.00406861 0.422706 0.00162897 3 1 0
0.00407082 0.422232 0.00163666 3 1 0
0.00407302 0.421759 0.00164438 3 1 0
0.00407523 0.421285 0.00165211 3 1 0
0.00407744 0.420811 0.00165989 3 1 0
0.00407965 0.420336 0.0016677 3 1 0
0.00408186 0.419862 0.00167555 3 1 0
0.00408408 0.419392 0.00168344 3 1 0
0.00408629 0.418928 0.00169137 3 1 0
0.00408851 0.418455 0.00169934 3 1 0
0.00409072 0.417982 0.00170735 3 1 0
0.00409294 0.417511 0.0017154 3 1 0
0.00409516 0.417038 0.00172349 3 1 0
0.00409738 0.416565 0.00173162 3 1 0
0.0040996 0.416094 0.00173978 3 1 0
0.00410183 0.415622 0.00174799 3 1 0
0.00410405 0.41515 0.00175624 3 1 0
0.00410628 0.414676 0.00176453 3 1 0
0.0041085 0.414205 0.00177286 3 1 0
0.00411073 0.413733 0.00178123 3 1 0
0.00411296 0.413258 0.00178965 3 1 0
0.00411519 0.412787 0.0017981 3 1 0
0.00411742 0.412316 0.0018066 3 1 0
0.00411965 0.411843 0.00181513 3 1 0
0.00412188 0.411373 0.00182371 3 1 0
0.00412412 0.410902 0.00183233 3 1 0
0.00412635 0.410428 0.00184099 3 1 0
0.00412859 0.409957 0.00184969 3 1 0
0.00413082 0.409487 0.00185844 3 1 0
0.00413306 0.409014 0.00186723 3 1 0
0.0041353 0.408544 0.00187606 3 1 0
0.00413754 0.408073 0.00188493 3 1 0
0.00413978 0.4076 0.00189385 3 1 0
0.00414202 0.40713 0.00190281 3 1 0
0.00414427 0.40666 0.00191181 3 1 0
0.00414651 0.406185 0.00192085 3 1 0
0.00414876 0.405716 0.00192994 3 1 0
0.004151 0.405246 0.00193907 3 1 0
0.00415325 0.404771 0.00194825 3 1 0
0.0041555 0.404302 0.00195747 3 1 0
0.00415774 0.403834 0.00196673 3 1 0
0.00415999 0.40336 0.00197604 3 1 0
0.00416224 0.402892 0.00198539 3 1 0
0.0041645 0.402423 0.00199479 3 1 0
0.00416675 0.401951 0.00200423 3 1 0
0.004169 0.401483 0.00201372 3 1 0
0.00417125 0.401014 0.00202325 3 1 0
0.00417351 0.400544 0.00203283 3 1 0
0.00417576 0.400076 0.00204245 3 1 0
0.00417802 0.399607 0.00205212 3 1 0
0.00418028 0.399138 0.00206183 3 1 0
0.00418253 0.39867 0.00207159 3 1 0
0.00418479 0.398201 0.00208139 3 1 0
0.00418705 0.397732 0.00209124 3 1 0
0.00418931 0.397264 0.00210114 3 1 0
0.00419157 0.396795 0.00211104 3 1 0
0.00419383 0.396327 0.002121 3 1 0
0.0041961 0.395859 0.002131 3 1 0
0.00419836 0.39539 0.00214105 3 1 0
0.00420062 0.39492 0.00215114 3 1 0
0.00420289 0.394453 0.00216129 3 1 0
0.00420515 0.393987 0.00217147 3 1 0
0.00420742 0.39351 0.00218171 3 1 0
0.00420968 0.393045 0.00219199 3 1 0
0.00421195 0.39258 0.00220233 3 1 0
0.00421422 0.392109 0.00221271 3 1 0
0.00421649 0.391645 0.00222313 3 1 0
0.00421876 0.39118 0.00223361 3 1 0
0.00422103 0.39071 0.00224413 3 1 0
0.0042233 0.390245 0.00225471 3 1 0
0.00422557 0.389781 0.00226533 3 1 0
0.00422784 0.389312 0.002276 3 1 0
0.00423011 0.388848 0.00228672 3 1 0
0.00423238 0.388384 0.00229749 3 1 0
0.00423466 0.387917 0.00230831 3 1 0
0.00423693 0.387453 0.00231917 3 1 0
0.0042392 0.38699 0.00233009 3 1 0
0.00424148 0.386526 0.00234106 3 1 0
0.00424375 0.386063 0.00235208 3 1 0
0.00424603 0.385599 0.00236315 3 1 0
0.00424831 0.385131 0.00237426 3 1 0
0.00425058 0.384668 0.00238543 3 1 0
0.00425286 0.384205 0.00239665 3 1 0
0.00425514 0.383736 0.00240792 3 1 0
0.00425742 0.383274 0.00241925 3 1 0
0.0042597 0.382812 0.00243062 3 1 0
0.00426198 0.382345 0.00244204 3 1 0
0.00426426 0.381884 0.00245352 3 1 0
0.00426654 0.381423 0.00246505 3 1 0
0.00426882 0.380957 0.00247663 3 1 0
0.0042711 0.380497 0.00248826 3 1 0
0.00427338 0.380036 0.00249995 3 1 0
0.00427566 0.37957 0.00251168 3 1 0
0.00427795 0.37911 0.00252347 3 1 0
0.00428023 0.37865 0.00253532 3 1 0
0.00428251 0.378187 0.00254721 3 1 0
0.0042848 0.377727 0.00255916 3 1 0
0.00428708 0.377268 0.00257117 3 1 0
0.00428937 0.376807 0.00258322 3 1 0
0.00429165 0.376347 0.00259533 3 1 0
0.00429394 0.375888 0.0026075 3 1 0
0.00429622 0.375421 0.00261972 3 1 0
0.00429851 0.374963 0.00263199 3 1 0
0.00430079 0.374505 0.00264432 3 1 0
0.00430308 0.374044 0.00265669 3 1 0
0.00430537 0.373582 0.00266908 3 1 0
0.00430766 0.373122 0.00268153 3 1 0
0.00430994 0.372669 0.00269403 3 1 0
0.00431223 0.372209 0.00270659 3 1 0
0.00431452 0.371749 0.00271921 3 1 0
0.00431681 0.371297 0.00273188 3 1 0
0.0043191 0.370838 0.0027446 3 1 0
0.00432139 0.370379 0.00275738 3 1 0
0.00432368 0.369924 0.00277022 3 1 0
0.00432597 0.369466 0.00278312 3 1 0
0.00432826 0.369008 0.00279607 3 1 0
0.00433055 0.368554 0.00280907 3 1 0
0.00433284 0.368097 0.00282214 3 1 0
0.00433513 0.36764 0.00283526 3 1 0
0.00433742 0.367185 0.00284844 3 1 0
0.00433971 0.366729 0.00286167 3 1 0
0.004342 0.366273 0.00287497 3 1 0
0.00434429 0.365818 0.00288832 3 1 0
0.00434658 0.365363 0.00290173 3 1 0
0.00434888 0.364909 0.00291519 3 1 0
0.00435117 0.364452 0.00292872 3 1 0
0.00435346 0.363998 0.0029423 3 1 0
0.00435575 0.363545 0.00295595 3 1 0
0.00435804 0.363086 0.00296965 3 1 0
0.00436034 0.362634 0.00298341 3 1 0
0.00436263 0.362182 0.00299723 3 1 0
0.00436492 0.361723 0.00301111 3 1 0
0.00436722 0.361272 0.00302505 3 1 0
0.00436951 0.360821 0.00303905 3 1 0
0.0043718 0.360369 0.00305311 3 1 0
0.0043741 0.359918 0.00306723 3 1 0
0.00437639 0.359468 0.00308141 3 1 0
0.00437868 0.359017 0.00309565 3 1 0
0.00438098 0.358566 0.00310995 3 1 0
0.00438327 0.358116 0.00312431 3 1 0
0.00438556 0.357659 0.00313874 3 1 0
0.00438786 0.35721 0.00315323 3 1 0
0.00439015 0.356761 0.00316778 3 1 0
0.00439245 0.356313 0.0031824 3 1 0
0.00439474 0.355862 0.00319707 3 1 0
0.00439703 0.355411 0.0032118 3 1 0
0.00439933 0.354966 0.00322661 3 1 0
0.00440162 0.354517 0.00324147 3 1 0
0.00440392 0.354067 0.00325639 3 1 0
0.00440621 0.35362 0.00327139 3 1 0
0.00440851 0.353172 0.00328644 3 1 0
0.0044108 0.352723 0.00330155 3 1 0
0.00441309 0.352276 0.00331673 3 1 0
0.00441539 0.351829 0.00333195 3 1 0
0.00441768 0.351381 0.00334721 3 1 0
0.00441998 0.350935 0.00336251 3 1 0
0.00442227 0.350488 0.0033779 3 1 0
0.00442456 0.350042 0.00339335 3 1 0
0.00442686 0.349596 0.00340885 3 1 0
0.00442915 0.349151 0.00342443 3 1 0
0.00443145 0.348705 0.00344007 3 1 0
0.00443374 0.34826 0.00345577 3 1 0
0.00443603 0.347815 0.00347155 3 1 0
0.00443833 0.34737 0.00348739 3 1 0
0.00444062 0.346926 0.00350329 3 1 0
0.00444291 0.346482 0.00351926 3 1 0
0.00444521 0.346038 0.0035353 3 1 0
0.0044475 0.345595 0.0035514 3 1 0
0.00444979 0.345152 0.00356757 3 1 0
0.00445208 0.344709 0.00358381 3 1 0
0.00445438 0.344266 0.00360011 3 1 0
0.00445667 0.343824 0.00361649 3 1 0
0.00445896 0.343381 0.00363293 3 1 0
0.00446125 0.342939 0.00364944 3 1 0
0.00446355 0.342498 0.00366601 3 1 0
0.00446584 0.342057 0.00368266 3 1 0
0.00446813 0.341613 0.00369937 3 1 0
0.00447042 0.341174 0.00371616 3 1 0
0.00447271 0.340734 0.00373301 3 1 0
0.004475 0.340293 0.00374993 3 1 0
0.0044773 0.339854 0.00376692 3 1 0
0.00447959 0.339415 0.00378398 3 1 0
0.00448188 0.338974 0.00380111 3 1 0
0.00448417 0.338536 0.00381831 3 1 0
0.00448646 0.338098 0.00383558 3 1 0
0.00448875 0.337658 0.00385292 3 1 0
0.00449104 0.337221 0.00387033 3 1 0
0.00449333 0.336784 0.00388781 3 1 0
0.00449561 0.33634 0.00390537 3 1 0
0.0044979 0.335905 0.00392299 3 1 0
0.00450019 0.33547 0.00394068 3 1 0
0.00450248 0.335029 0.00395846 3 1 0
0.00450477 0.334594 0.00397629 3 1 0
0.00450706 0.33416 0.0039942 3 1 0
0.00450934 0.333723 0.00401219 3 1 0
0.00451163 0.333286 0.00403024 3 1 0
0.00451392 0.332852 0.00404831 3 1 0
0.0045162 0.332418 0.00406644 3 1 0
0.00451849 0.331981 0.00408466 3 1 0
0.00452078 0.331549 0.00410295 3 1 0
0.00452306 0.331114 0.0041213 3 1 0
0.00452535 0.330682 0.00413974 3 1 0
0.00452763 0.33025 0.00415825 3 1 0
0.00452992 0.329819 0.00417683 3 1 0
0.0045322 0.329385 0.00419549 3 1 0
0.00453448 0.328951 0.00421422 3 1 0
0.00453677 0.328524 0.00423302 3 1 0
0.00453905 0.328092 0.0042519 3 1 0
0.00454133 0.32766 0.00427086 3 1 0
0.00454362 0.32723 0.00428988 3 1 0
0.0045459 0.326799 0.00430899 3 1 0
0.00454818 0.326368 0.00432817 3 1 0
0.00455046 0.325933 0.00434743 3 1 0
0.00455274 0.325505 0.00436676 3 1 0
0.00455502 0.325076 0.00438617 3 1 0
0.0045573 0.324648 0.00440566 3 1 0
0.00455958 0.32422 0.00442522 3 1 0
0.00456186 0.323791 0.00444486 3 1 0
0.00456414 0.323361 0.00446458 3 1 0
0.00456642 0.322934 0.00448437 3 1 0
0.00456869 0.322507 0.00450424 3 1 0
0.00457097 0.322077 0.00452419 3 1 0
0.00457325 0.321651 0.00454422 3 1 0
0.00457552 0.321225 0.00456433 3 1 0
0.0045778 0.320796 0.00458451 3 1 0
0.00458007 0.320371 0.00460477 3 1 0
0.00458235 0.319946 0.00462512 3 1 0
0.00458462 0.319517 0.00464554 3 1 0
0.0045869 0.319093 0.00466604 3 1 0
0.00458917 0.318669 0.00468662 3 1 0
0.00459144 0.318244 0.00470728 3 1 0
0.00459372 0.317821 0.00472802 3 1 0
0.00459599 0.317398 0.00474884 3 1 0
0.00459826 0.316973 0.00476974 3 1 0
0.00460053 0.31655 0.00479072 3 1 0
0.0046028 0.316128 0.00481178 3 1 0
0.00460507 0.315704 0.00483292 3 1 0
0.00460734 0.315282 0.00485412 3 1 0
0.00460961 0.314861 0.00487536 3 1 0
0.00461187 0.314438 0.00489668 3 1 0
0.00461414 0.314017 0.00491808 3 1 0
0.00461641 0.313596 0.00493957 3 1 0
0.00461867 0.313175 0.00496113 3 1 0
0.00462094 0.312755 0.00498278 3 1 0
0.00462321 0.312335 0.00500451 3 1 0
0.00462547 0.311914 0.00502632 3 1 0
0.00462773 0.311495 0.00504822 3 1 0
0.00463 0.311076 0.0050702 3 1 0
0.00463226 0.310656 0.00509227 3 1 0
0.00463452 0.310238 0.00511441 3 1 0
0.00463678 0.30982 0.00513664 3 1 0
0.00463904 0.309401 0.00515896 3 1 0
0.0046413 0.308984 0.00518136 3 1 0
0.00464356 0.308567 0.00520384 3 1 0
0.00464582 0.308149 0.00522641 3 1 0
0.00464808 0.307733 0.00524906 3 1 0
0.00465034 0.307317 0.0052718 3 1 0
0.00465259 0.3069 0.00529462 3 1 0
0.00465485 0.306485 0.00531753 3 1 0
0.00465711 0.30607 0.00534052 3 1 0
0.00465936 0.305656 0.0053636 3 1 0
0.00466161 0.305241 0.00538677 3 1 0
0.00466387 0.304827 0.00541002 3 1 0
0.00466612 0.304412 0.00543336 3 1 0
0.00466837 0.303999 0.00545678 3 1 0
0.00467062 0.303586 0.0054803 3 1 0
0.00467287 0.303168 0.00550389 3 1 0
0.00467512 0.302757 0.00552757 3 1 0
0.00467737 0.302345 0.00555135 3 1 0
0.00467962 0.301929 0.0055752 3 1 0
0.00468187 0.301518 0.00559914 3 1 0
0.00468412 0.301108 0.00562318 3 1 0
0.00468636 0.300697 0.00564727 3 1 0
0.00468861 0.300284 0.00567148 3 1 0
0.00469085 0.299874 0.00569578 3 1 0
0.0046931 0.299468 0.00572015 3 1 0
0.00469534 0.299057 0.00574462 3 1 0
0.00469758 0.298647 0.00576919 3 1 0
0.00469982 0.29824 0.00579395 3 1 0
0.00470206 0.29783 0.0058187 3 1 0
0.0047043 0.297421 0.00584355 3 1 0
0.00470654 0.297015 0.0058684 3 1 0
0.00470878 0.296607 0.00589336 3 1 0
0.00471102 0.296198 0.00591841 3 1 0
0.00471325 0.295793 0.0059435 3 1 0
0.00471549 0.295385 0.00596874 3 1 0
0.00471773 0.294977 0.00599406 3 1 0
0.00471996 0.294572 0.00601945 3 1 0
0.00472219 0.294165 0.00604496 3 1 0
0.00472443 0.293758 0.00607056 3 1 0
0.00472666 0.293358 0.00609624 3 1 0
0.00472889 0.292953 0.00612203 3 1 0
0.00473112 0.292548 0.00614791 3 1 0
0.00473335 0.292145 0.00617388 3 1 0
0.00473558 0.291741 0.00619995 3 1 0
0.0047378 0.291337 0.00622612 3 1 0
0.00474003 0.290935 0.00625238 3 1 0
0.00474226 0.290532 0.00627873 3 1 0
0.00474448 0.290129 0.00630518 3 1 0
0.0047467 0.289727 0.00633172 3 1 0
0.00474893 0.289326 0.00635836 3 1 0
0.00475115 0.288924 0.00638509 3 1 0
0.00475337 0.288523 0.00641193 3 1 0
0.00475559 0.288122 0.00643886 3 1 0
0.00475781 0.287722 0.00646588 3 1 0
0.00476003 0.287322 0.00649301 3 1 0
0.00476225 0.286922 0.00652022 3 1 0
0.00476446 0.286523 0.00654753 3 1 0
0.00476668 0.286123 0.00657495 3 1 0
0.00476889 0.285725 0.00660246 3 1 0
0.00477111 0.285327 0.00663006 3 1 0
0.00477332 0.284928 0.00665777 3 1 0
0.00477553 0.284531 0.00668557 3 1 0
0.00477774 0.284134 0.00671341 3 1 0
0.00477995 0.283736 0.00674138 3 1 0
0.00478216 0.28334 0.00676939 3 1 0
0.00478437 0.282944 0.00679749 3 1 0
0.00478658 0.282545 0.0068256 3 1 0
0.00478878 0.282151 0.00685391 3 1 0
0.00479099 0.281756 0.00688231 3 1 0
0.00479319 0.281357 0.00691076 3 1 0
0.0047954 0.280964 0.00693937 3 1 0
0.0047976 0.280571 0.00696807 3 1 0
0.0047998 0.280175 0.00699685 3 1 0
0.004802 0.27978 0.00702576 3 1 0
0.0048042 0.279387 0.00705477 3 1 0
0.0048064 0.278998 0.00708387 3 1 0
0.0048086 0.278605 0.00711308 3 1 0
0.00481079 0.278212 0.00714239 3 1 0
0.00481299 0.277822 0.00717181 3 1 0
0.00481518 0.27743 0.00720132 3 1 0
0.00481737 0.277038 0.00723094 3 1 0
0.00481957 0.276649 0.00726068 3 1 0
0.00482176 0.276258 0.0072905 3 1 0
0.00482395 0.275868 0.00732042 3 1 0
0.00482614 0.275478 0.00735047 3 1 0
0.00482832 0.275089 0.00738061 3 1 0
0.00483051 0.274699 0.00741084 3 1 0
0.0048327 0.274311 0.00744121 3 1 0
0.00483488 0.273922 0.00747165 3 1 0
0.00483706 0.273534 0.0075022 3 1 0
0.00483925 0.273146 0.00753288 3 1 0
0.00484143 0.272759 0.00756363 3 1 0
0.00484361 0.272372 0.00759441 3 1 0
0.00484579 0.271985 0.00762525 3 1 0
0.00484797 0.271598 0.00765624 3 1 0
0.00485014 0.271211 0.00768733 3 1 0
0.00485232 0.270827 0.0077185 3 1 0
0.00485449 0.270442 0.00774981 3 1 0
0.00485667 0.270057 0.00778122 3 1 0
0.00485884 0.269672 0.00781271 3 1 0
0.00486101 0.269288 0.00784433 3 1 0
0.00486318 0.268904 0.00787606 3 1 0
0.00486535 0.26852 0.00790789 3 1 0
0.00486752 0.268137 0.00793983 3 1 0
0.00486969 0.267754 0.00797188 3 1 0
0.00487185 0.267371 0.00800403 3 1 0
0.00487402 0.266989 0.0080363 3 1 0
0.00487618 0.266607 0.00806867 3 1 0
0.00487834 0.266225 0.00810116 3 1 0
0.0048805 0.265843 0.00813375 3 1 0
0.00488266 0.265462 0.00816645 3 1 0
0.00488482 0.265082 0.00819927 3 1 0
0.00488698 0.264702 0.00823218 3 1 0
0.00488914 0.264323 0.00826521 3 1 0
0.00489129 0.263941 0.00829836 3 1 0
0.00489345 0.263563 0.0083316 3 1 0
0.0048956 0.263185 0.00836496 3 1 0
0.00489775 0.262803 0.00839845 3 1 0
0.0048999 0.262426 0.00843202 3 1 0
0.00490205 0.262049 0.00846571 3 1 0
0.0049042 0.261669 0.00849954 3 1 0
0.00490635 0.261293 0.00853338 3 1 0
0.00490849 0.260917 0.00856732 3 1 0
0.00491064 0.260539 0.00860132 3 1 0
0.00491278 0.260163 0.00863548 3 1 0
0.00491492 0.259789 0.00866974 3 1 0
0.00491706 0.259412 0.00870408 3 1 0
0.0049192 0.259038 0.00873858 3 1 0
0.00492134 0.258664 0.00877318 3 1 0
0.00492348 0.258289 0.00880787 3 1 0
0.00492562 0.257914 0.0088427 3 1 0
0.00492775 0.257542 0.00887764 3 1 0
0.00492989 0.25717 0.00891269 3 1 0
0.00493202 0.256796 0.00894786 3 1 0
0.00493415 0.256423 0.00898314 3 1 0
0.00493628 0.256054 0.00901853 3 1 0
0.00493841 0.255682 0.00905404 3 1 0
0.00494053 0.255309 0.00908966 3 1 0
0.00494266 0.254941 0.00912541 3 1 0
0.00494479 0.25457 0.00916126 3 1 0
0.00494691 0.254199 0.00919723 3 1 0
0.00494903 0.253829 0.00923332 3 1 0
0.00495115 0.25346 0.00926952 3 1 0
0.00495327 0.25309 0.00930583 3 1 0
0.00495539 0.252721 0.00934229 3 1 0
0.00495751 0.252353 0.00937883 3 1 0
0.00495962 0.251985 0.00941549 3 1 0
0.00496174 0.251616 0.00945231 3 1 0
0.00496385 0.251249 0.00948921 3 1 0
0.00496596 0.250882 0.00952622 3 1 0
0.00496808 0.250514 0.00956328 3 1 0
0.00497018 0.250148 0.00960044 3 1 0
0.00497229 0.249782 0.00963771 3 1 0
0.0049744 0.249415 0.00967506 3 1 0
0.00497651 0.24905 0.00971257 3 1 0
0.00497861 0.248685 0.00975019 3 1 0
0.00498071 0.248318 0.00978791 3 1 0
0.00498281 0.247955 0.00982577 3 1 0
0.00498491 0.247591 0.00986374 3 1 0
0.00498701 0.247227 0.00990182 3 1 0
0.00498911 0.246864 0.00994004 3 1 0
0.00499121 0.246501 0.00997837 3 1 0
0.0049933 0.246136 0.0100168 3 1 0
0.0049954 0.245775 0.0100554 3 1 0
0.00499749 0.245413 0.0100941 3 1 0
0.00499958 0.24505 0.0101329 3 1 0
0.00500167 0.244688 0.0101718 3 1 0
0.00500376 0.244328 0.0102109 3 1 0
0.00500584 0.243969 0.0102501 3 1 0
0.00500793 0.243608 0.0102894 3 1 0
0.00501001 0.243248 0.0103288 3 1 0
0.0050121 0.24289 0.0103683 3 1 0
0.00501418 0.242532 0.010408 3 1 0
0.00501626 0.242173 0.0104478 3 1 0
0.00501834 0.241812 0.0104877 3 1 0
0.00502041 0.241453 0.0105277 3 1 0
0.00502249 0.241095 0.0105679 3 1 0
0.00502456 0.24074 0.0106082 3 1 0
0.00502664 0.240383 0.0106486 3 1 0
0.00502871 0.240025 0.010689 3 1 0
0.00503078 0.239671 0.0107296 3 1 0
0.00503285 0.239315 0.0107702 3 1 0
0.00503492 0.238959 0.010811 3 1 0
0.00503698 0.238605 0.0108519 3 1 0
0.00503905 0.23825 0.0108929 3 1 0
0.00504111 0.237895 0.0109341 3 1 0
0.00504317 0.237541 0.0109754 3 1 0
0.00504524 0.237187 0.0110168 3 1 0
0.00504729 0.236834 0.0110583 3 1 0
0.00504935 0.236479 0.0110999 3 1 0
0.00505141 0.236126 0.0111417 3 1 0
0.00505346 0.235774 0.0111836 3 1 0
0.00505552 0.235423 0.0112256 3 1 0
0.00505757 0.235071 0.0112678 3 1 0
0.00505962 0.23472 0.0113101 3 1 0
0.00506167 0.234367 0.0113525 3 1 0
0.00506372 0.234017 0.011395 3 1 0
0.00506577 0.233667 0.0114377 3 1 0
0.00506781 0.233314 0.0114805 3 1 0
0.00506986 0.232964 0.0115234 3 1 0
0.0050719 0.232616 0.0115664 3 1 0
0.00507394 0.232268 0.0116096 3 1 0
0.00507598 0.231919 0.0116529 3 1 0
0.00507802 0.23157 0.0116963 3 1 0
0.00508005 0.231224 0.0117399 3 1 0
0.00508209 0.230876 0.0117836 3 1 0
0.00508412 0.230529 0.0118274 3 1 0
0.00508616 0.230184 0.0118714 3 1 0
0.00508819 0.229837 0.0119154 3 1 0
0.00509022 0.229491 0.0119595 3 1 0
0.00509224 0.229145 0.0120037 3 1 0
0.00509427 0.2288 0.012048 3 1 0
0.0050963 0.228455 0.0120925 3 1 0
0.00509832 0.228109 0.0121371 3 1 0
0.00510034 0.227765 0.0121818 3 1 0
0.00510236 0.227422 0.0122267 3 1 0
0.00510438 0.227076 0.0122716 3 1 0
0.0051064 0.226734 0.0123168 3 1 0
0.00510842 0.226391 0.012362 3 1 0
0.00511043 0.226046 0.0124074 3 1 0
0.00511245 0.225704 0.0124529 3 1 0
0.00511247 0.2257 0.0124533 4 1 0
0.00511448 0.225361 0.012499 4 1 0
0.00511649 0.225019 0.0125448 4 1 0
0.0051185 0.224677 0.0125907 4 1 0
0.00512051 0.224339 0.0126367 4 1 0
0.00512251 0.223999 0.0126829 4 1 0
0.00512452 0.223658 0.0127292 4 1 0
0.00512652 0.223318 0.0127757 4 1 0
0.00512852 0.222979 0.0128222 4 1 0
0.00513052 0.22264 0.0128689 4 1 0
0.00513252 0.222299 0.0129158 4 1 0
0.00513452 0.221961 0.0129627 4 1 0
0.00513652 0.221624 0.0130098 4 1 0
0.00513851 0.221287 0.0130571 4 1 0
0.0051405 0.220949 0.0131045 4 1 0
0.00514249 0.220611 0.013152 4 1 0
0.00514449 0.220277 0.0131996 4 1 0
0.00514647 0.219941 0.0132473 4 1 0
0.00514846 0.219605 0.0132951 4 1 0
0.00515045 0.21927 0.0133429 4 1 0
0.00515243 0.218935 0.013391 4 1 0
0.00515441 0.2186 0.0134392 4 1 0
0.0051564 0.218265 0.0134875 4 1 0
0.00515837 0.217931 0.013536 4 1 0
0.00516035 0.217598 0.0135846 4 1 0
0.00516233 0.217262 0.0136333 4 1 0
0.00516431 0.21693 0.0136822 4 1 0
0.00516628 0.216598 0.0137312 4 1 0
0.00516825 0.216263 0.0137803 4 1 0
0.00517022 0.215931 0.0138296 4 1 0
0.00517219 0.2156 0.013879 4 1 0
0.00517416 0.215271 0.0139285 4 1 0
0.00517613 0.214939 0.0139782 4 1 0
0.00517809 0.214608 0.0140281 4 1 0
0.00518005 0.21428 0.014078 4 1 0
0.00518202 0.213949 0.0141281 4 1 0
0.00518398 0.213619 0.0141784 4 1 0
0.00518594 0.213292 0.0142287 4 1 0
0.00518789 0.212963 0.0142793 4 1 0
0.00518985 0.212634 0.0143299 4 1 0
0.0051918 0.212307 0.0143807 4 1 0
0.00519376 0.211979 0.0144316 4 1 0
0.00519571 0.211652 0.0144827 4 1 0
0.00519766 0.211324 0.0145339 4 1 0
0.00519961 0.210998 0.0145853 4 1 0
0.00520155 0.210672 0.0146366 4 1 0
0.0052035 0.210345 0.0146881 4 1 0
0.00520544 0.21002 0.0147397 4 1 0
0.00520739 0.209695 0.0147915 4 1 0
0.00520933 0.209368 0.0148434 4 1 0
0.00521127 0.209044 0.0148954 4 1 0
0.00521321 0.208721 0.0149476 4 1 0
0.00521514 0.208395 0.015 4 1 0
0.00521708 0.208071 0.0150524 4 1 0
0.00521901 0.207748 0.015105 4 1 0
0.00522094 0.207428 0.0151578 4 1 0
0.00522287 0.207105 0.0152107 4 1 0
0.0052248 0.206782 0.0152637 4 1 0
0.00522673 0.206462 0.0153169 4 1 0
0.00522866 0.206141 0.0153702 4 1 0
0.00523058 0.205819 0.0154237 4 1 0
0.00523251 0.205499 0.0154773 4 1 0
0.00523443 0.205179 0.015531 4 1 0
0.00523635 0.204859 0.0155849 4 1 0
0.00523827 0.204537 0.0156389 4 1 0
0.00524018 0.204218 0.0156931 4 1 0
0.0052421 0.2039 0.0157474 4 1 0
0.00524401 0.203582 0.0158019 4 1 0
0.00524593 0.203264 0.0158565 4 1 0
0.00524784 0.202946 0.0159112 4 1 0
0.00524975 0.202629 0.0159661 4 1 0
0.00525166 0.202312 0.0160211 4 1 0
0.00525356 0.201995 0.0160763 4 1 0
0.00525547 0.201678 0.0161315 4 1 0
0.00525737 0.201362 0.0161869 4 1 0
0.00525928 0.201047 0.0162423 4 1 0
0.00526118 0.200729 0.0162979 4 1 0
0.00526308 0.200414 0.0163537 4 1 0
0.00526497 0.200098 0.0164096 4 1 0
0.00526687 0.199786 0.0164656 4 1 0
0.00526877 0.199471 0.0165218 4 1 0
0.00527066 0.199157 0.0165781 4 1 0
0.00527255 0.198845 0.0166346 4 1 0
0.00527444 0.198532 0.0166912 4 1 0
0.00527633 0.198218 0.016748 4 1 0
0.00527822 0.197908 0.0168049 4 1 0
0.00528011 0.197596 0.016862 4 1 0
0.00528199 0.197284 0.0169192 4 1 0
0.00528387 0.196974 0.0169765 4 1 0
0.00528576 0.196663 0.017034 4 1 0
0.00528764 0.196352 0.0170917 4 1 0
0.00528952 0.196043 0.0171494 4 1 0
0.00529139 0.195733 0.0172074 4 1 0
0.00529327 0.195424 0.0172655 4 1 0
0.00529514 0.195114 0.0173237 4 1 0
0.00529702 0.194806 0.0173821 4 1 0
0.00529889 0.194498 0.0174406 4 1 0
0.00530076 0.194187 0.0174993 4 1 0
0.00530263 0.19388 0.0175581 4 1 0
0.0053045 0.193573 0.017617 4 1 0
0.00530636 0.193267 0.0176762 4 1 0
0.00530823 0.19296 0.0177354 4 1 0
0.00531009 0.192653 0.0177947 4 1 0
0.00531195 0.192349 0.0178541 4 1 0
0.00531381 0.192043 0.0179137 4 1 0
0.00531567 0.191738 0.0179734 4 1 0
0.00531753 0.191433 0.0180332 4 1 0
0.00531938 0.191129 0.0180932 4 1 0
0.00532124 0.190824 0.0181534 4 1 0
0.00532309 0.19052 0.0182137 4 1 0
0.00532494 0.190217 0.0182742 4 1 0
0.00532679 0.189914 0.0183348 4 1 0
0.00532864 0.189611 0.0183955 4 1 0
0.00533049 0.189309 0.0184564 4 1 0
0.00533233 0.189006 0.0185175 4 1 0
0.00533418 0.188704 0.0185787 4 1 0
0.00533602 0.188403 0.01864 4 1 0
0.00533786 0.188102 0.0187015 4 1 0
0.0053397 0.187799 0.0187632 4 1 0
0.00534154 0.187499 0.018825 4 1 0
0.00534338 0.1872 0.0188869 4 1 0
0.00534522 0.186901 0.0189491 4 1 0
0.00534705 0.186601 0.0190113 4 1 0
0.00534889 0.186302 0.0190737 4 1 0
0.00535072 0.186004 0.0191363 4 1 0
0.00535255 0.185706 0.019199 4 1 0
0.00535438 0.185408 0.0192618 4 1 0
0.00535621 0.18511 0.0193249 4 1 0
0.00535803 0.184813 0.019388 4 1 0
0.00535986 0.184516 0.0194513 4 1 0
0.00536168 0.184217 0.0195147 4 1 0
0.0053635 0.18392 0.0195782 4 1 0
0.00536533 0.183625 0.0196419 4 1 0
0.00536715 0.183329 0.0197056 4 1 0
0.00536896 0.183035 0.0197696 4 1 0
0.00537078 0.18274 0.0198337 4 1 0
0.0053726 0.182446 0.0198979 4 1 0
0.00537441 0.182151 0.0199623 4 1 0
0.00537622 0.181857 0.0200268 4 1 0
0.00537804 0.181566 0.0200915 4 1 0
0.00537985 0.181273 0.0201564 4 1 0
0.00538166 0.18098 0.0202214 4 1 0
0.00538346 0.180688 0.0202865 4 1 0
0.00538527 0.180395 0.0203518 4 1 0
0.00538708 0.180104 0.0204173 4 1 0
0.00538888 0.179812 0.0204829 4 1 0
0.00539068 0.179521 0.0205487 4 1 0
0.00539248 0.17923 0.0206146 4 1 0
0.00539428 0.17894 0.0206807 4 1 0
0.00539608 0.17865 0.0207469 4 1 0
0.00539788 0.17836 0.0208133 4 1 0
0.00539968 0.17807 0.0208798 4 1 0
0.00540147 0.177781 0.0209465 4 1 0
0.00540327 0.177493 0.0210133 4 1 0
0.00540506 0.177204 0.0210803 4 1 0
0.00540685 0.176916 0.0211475 4 1 0
0.00540864 0.176629 0.0212148 4 1 0
0.00541043 0.17634 0.0212823 4 1 0
0.00541222 0.176054 0.0213499 4 1 0
0.005414 0.175767 0.0214177 4 1 0
0.00541579 0.175479 0.0214856 4 1 0
0.00541757 0.175193 0.0215535 4 1 0
0.00541935 0.174908 0.0216216 4 1 0
0.00542114 0.174623 0.0216899 4 1 0
0.00542292 0.174338 0.0217583 4 1 0
0.0054247 0.174053 0.0218269 4 1 0
0.00542647 0.17377 0.0218956 4 1 0
0.00542825 0.173486 0.0219645 4 1 0
0.00543003 0.173202 0.0220335 4 1 0
0.0054318 0.17292 0.0221027 4 1 0
0.00543357 0.172637 0.022172 4 1 0
0.00543534 0.172354 0.0222415 4 1 0
0.00543712 0.172072 0.0223112 4 1 0
0.00543889 0.17179 0.022381 4 1 0
0.00544065 0.171509 0.022451 4 1 0
0.00544242 0.171227 0.0225211 4 1 0
0.00544419 0.170946 0.0225914 4 1 0
0.00544595 0.170666 0.0226618 4 1 0
0.00544772 0.170384 0.0227324 4 1 0
0.00544948 0.170105 0.0228032 4 1 0
0.00545124 0.169826 0.0228741 4 1 0
0.005453 0.169544 0.0229452 4 1 0
0.00545476 0.169266 0.0230164 4 1 0
0.00545652 0.168987 0.0230878 4 1 0
0.00545828 0.16871 0.0231593 4 1 0
0.00546004 0.168432 0.023231 4 1 0
0.00546179 0.168154 0.0233029 4 1 0
0.00546354 0.167878 0.0233749 4 1 0
0.0054653 0.167601 0.0234471 4 1 0
0.00546705 0.167325 0.0235195 4 1 0
0.0054688 0.167047 0.023592 4 1 0
0.00547055 0.166771 0.0236646 4 1 0
0.0054723 0.166496 0.0237374 4 1 0
0.00547405 0.166221 0.0238104 4 1 0
0.0054758 0.165946 0.0238834 4 1 0
0.00547754 0.165672 0.0239565 4 1 0
0.00547929 0.165398 0.0240299 4 1 0
0.00548103 0.165124 0.0241033 4 1 0
0.00548278 0.16485 0.024177 4 1 0
0.00548452 0.164576 0.0242508 4 1 0
0.00548626 0.164304 0.0243247 4 1 0
0.005488 0.164031 0.0243988 4 1 0
0.00548974 0.163757 0.0244731 4 1 0
0.00549148 0.163486 0.0245475 4 1 0
0.00549322 0.163215 0.0246221 4 1 0
0.00549496 0.162943 0.0246969 4 1 0
0.00549669 0.162672 0.0247718 4 1 0
0.00549843 0.162401 0.0248468 4 1 0
0.00550016 0.162132 0.0249221 4 1 0
0.00550189 0.161862 0.0249975 4 1 0
0.00550363 0.161592 0.025073 4 1 0
0.00550536 0.161323 0.0251487 4 1 0
0.00550709 0.161054 0.0252246 4 1 0
0.00550882 0.160785 0.0253006 4 1 0
0.00551055 0.160517 0.0253768 4 1 0
0.00551228 0.160249 0.0254531 4 1 0
0.00551401 0.159981 0.0255297 4 1 0
0.00551573 0.159715 0.0256063 4 1 0
0.00551746 0.159448 0.0256832 4 1 0
0.00551919 0.159181 0.0257602 4 1 0
0.00552091 0.158915 0.0258373 4 1 0
0.00552264 0.158648 0.0259147 4 1 0
0.00552436 0.158383 0.0259921 4 1 0
0.00552608 0.158117 0.0260698 4 1 0
0.0055278 0.157852 0.0261476 4 1 0
0.00552953 0.157587 0.0262256 4 1 0
0.00553125 0.157323 0.0263036 4 1 0
0.00553297 0.157059 0.0263819 4 1 0
0.00553469 0.156795 0.0264604 4 1 0
0.0055364 0.156531 0.0265389 4 1 0
0.00553812 0.156268 0.0266177 4 1 0
0.00553984 0.156006 0.0266966 4 1 0
0.00554156 0.155742 0.0267757 4 1 0
0.00554327 0.155481 0.0268549 4 1 0
0.00554499 0.155219 0.0269342 4 1 0
0.00554671 0.154956 0.0270136 4 1 0
0.00554842 0.154696 0.0270933 4 1 0
0.00555014 0.154435 0.0271731 4 1 0
0.00555185 0.154173 0.027253 4 1 0
0.00555356 0.153913 0.0273331 4 1 0
0.00555528 0.153654 0.0274134 4 1 0
0.00555699 0.153393 0.0274939 4 1 0
0.0055587 0.153134 0.0275745 4 1 0
0.00556041 0.152876 0.0276553 4 1 0
0.00556212 0.152617 0.0277363 4 1 0
0.00556383 0.152358 0.0278174 4 1 0
0.00556555 0.1521 0.0278987 4 1 0
0.00556726 0.151843 0.0279801 4 1 0
0.00556897 0.151585 0.0280617 4 1 0
0.00557067 0.151328 0.0281435 4 1 0
0.00557238 0.151072 0.0282255 4 1 0
0.00557409 0.150815 0.0283076 4 1 0
0.0055758 0.150559 0.0283898 4 1 0
0.00557751 0.150304 0.0284723 4 1 0
0.00557922 0.150048 0.0285549 4 1 0
0.00558093 0.149793 0.0286377 4 1 0
0.00558263 0.149539 0.0287207 4 1 0
0.00558434 0.149284 0.0288038 4 1 0
0.00558605 0.14903 0.0288871 4 1 0
0.00558776 0.148776 0.0289705 4 1 0
0.00558946 0.148523 0.0290541 4 1 0
0.00559117 0.148269 0.0291379 4 1 0
0.00559288 0.148016 0.0292218 4 1 0
0.00559458 0.147764 0.0293059 4 1 0
0.00559629 0.147512 0.0293902 4 1 0
0.005598 0.147259 0.0294746 4 1 0
0.0055997 0.147008 0.0295591 4 1 0
0.00560141 0.146756 0.0296438 4 1 0
0.00560312 0.146505 0.0297285 4 1 0
0.00560482 0.146254 0.0298135 4 1 0
0.00560653 0.146004 0.0298987 4 1 0
0.00560824 0.145752 0.029984 4 1 0
0.00560994 0.145503 0.0300695 4 1 0
0.00561165 0.145253 0.0301552 4 1 0
0.00561336 0.145004 0.030241 4 1 0
0.00561507 0.144755 0.0303271 4 1 0
0.00561677 0.144506 0.0304132 4 1 0
0.00561848 0.144259 0.0304996 4 1 0
0.00562019 0.144011 0.0305861 4 1 0
0.0056219 0.143763 0.0306728 4 1 0
0.00562361 0.143516 0.0307597 4 1 0
0.00562532 0.143269 0.0308467 4 1 0
0.00562703 0.143022 0.0309339 4 1 0
0.00562874 0.142776 0.0310213 4 1 0
0.00563045 0.142529 0.0311088 4 1 0
0.00563216 0.142283 0.0311965 4 1 0
0.00563387 0.142038 0.0312845 4 1 0
0.00563558 0.141793 0.0313725 4 1 0
0.00563729 0.141548 0.0314607 4 1 0
0.005639 0.141304 0.0315492 4 1 0
0.00564072 0.141059 0.0316378 4 1 0
0.00564243 0.140815 0.0317265 4 1 0
0.00564414 0.140571 0.0318155 4 1 0
0.00564586 0.140328 0.0319046 4 1 0
0.00564757 0.140085 0.0319938 4 1 0
0.00564929 0.139841 0.0320833 4 1 0
0.00565101 0.139599 0.0321728 4 1 0
0.00565272 0.139357 0.0322624 4 1 0
0.00565444 0.139115 0.0323522 4 1 0
0.00565616 0.138873 0.0324422 4 1 0
0.00565788 0.138632 0.0325324 4 1 0
0.0056596 0.138391 0.0326227 4 1 0
0.00566132 0.13815 0.0327132 4 1 0
0.00566305 0.13791 0.0328039 4 1 0
0.00566477 0.13767 0.0328948 4 1 0
0.0056665 0.13743 0.0329858 4 1 0
0.00566822 0.137191 0.033077 4 1 0
0.00566995 0.13695 0.0331684 4 1 0
0.00567168 0.136712 0.0332599 4 1 0
0.0056734 0.136474 0.0333517 4 1 0
0.00567513 0.136235 0.0334436 4 1 0
0.00567687 0.135997 0.0335356 4 1 0
0.0056786 0.135759 0.0336279 4 1 0
0.00568033 0.135522 0.0337203 4 1 0
0.00568207 0.135285 0.0338129 4 1 0
0.0056838 0.135048 0.0339057 4 1 0
0.00568554 0.134813 0.0339986 4 1 0
0.00568728 0.134576 0.0340917 4 1 0
0.00568902 0.13434 0.034185 4 1 0
0.00569076 0.134105 0.0342785 4 1 0
0.00569251 0.13387 0.0343721 4 1 0
0.00569425 0.133635 0.0344659 4 1 0
0.005696 0.133399 0.0345599 4 1 0
0.00569775 0.133165 0.0346541 4 1 0
0.0056995 0.132931 0.0347484 4 1 0
0.00570125 0.132697 0.0348429 4 1 0
0.005703 0.132464 0.0349376 4 1 0
0.00570476 0.132231 0.0350324 4 1 0
0.00570652 0.131997 0.0351274 4 1 0
0.00570828 0.131765 0.0352226 4 1 0
0.00571004 0.131532 0.035318 4 1 0
0.0057118 0.1313 0.0354136 4 1 0
0.00571357 0.131069 0.0355093 4 1 0
0.00571533 0.130837 0.0356052 4 1 0
0.0057171 0.130606 0.0357013 4 1 0
0.00571888 0.130375 0.0357975 4 1 0
0.00572065 0.130144 0.035894 4 1 0
0.00572243 0.129914 0.0359905 4 1 0
0.0057242 0.129684 0.0360873 4 1 0
0.00572599 0.129454 0.0361843 4 1 0
0.00572777 0.129223 0.0362813 4 1 0
0.00572956 0.128995 0.0363787 4 1 0
0.00573134 0.128766 0.0364762 4 1 0
0.00573314 0.128537 0.0365737 4 1 0
0.00573493 0.128308 0.0366716 4 1 0
0.00573673 0.12808 0.0367695 4 1 0
0.00573853 0.127852 0.0368677 4 1 0
0.00574033 0.127625 0.036966 4 1 0
0.00574213 0.127398 0.0370644 4 1 0
0.00574394 0.127171 0.0371632 4 1 0
0.00574575 0.126945 0.037262 4 1 0
0.00574757 0.126718 0.037361 4 1 0
0.00574938 0.126492 0.0374603 4 1 0
0.0057512 0.126266 0.0375596 4 1 0
0.00575303 0.126041 0.0376591 4 1 0
0.00575485 0.125816 0.0377587 4 1 0
0.00575669 0.125591 0.0378587 4 1 0
0.00575852 0.125367 0.0379588 4 1 0
0.00576036 0.125142 0.0380592 4 1 0
0.0057622 0.124917 0.0381597 4 1 0
0.00576404 0.124694 0.0382603 4 1 0
0.00576589 0.124471 0.0383611 4 1 0
0.00576774 0.124248 0.0384621 4 1 0
0.0057696 0.124024 0.0385632 4 1 0
0.00577146 0.123802 0.0386646 4 1 0
0.00577332 0.12358 0.0387661 4 1 0
0.00577519 0.123358 0.0388677 4 1 0
0.00577706 0.123136 0.0389696 4 1 0
0.00577894 0.122914 0.0390717 4 1 0
0.00578082 0.122693 0.039174 4 1 0
0.00578271 0.122472 0.0392762 4 1 0
0.0057846 0.122251 0.0393789 4 1 0
0.00578649 0.122031 0.0394817 4 1 0
0.00578839 0.121811 0.0395846 4 1 0
0.0057903 0.121591 0.0396878 4 1 0
0.0057922 0.121371 0.0397912 4 1 0
0.00579412 0.121152 0.0398946 4 1 0
0.00579604 0.120933 0.0399983 4 1 0
0.00579796 0.120714 0.0401022 4 1 0
0.00579989 0.120496 0.0402061 4 1 0
0.00580182 0.120278 0.0403103 4 1 0
0.00580376 0.120059 0.0404148 4 1 0
0.00580571 0.119842 0.0405192 4 1 0
0.00580766 0.119624 0.040624 4 1 0
0.00580962 0.119407 0.040729 4 1 0
0.00581158 0.11919 0.040834 4 1 0
0.00581355 0.118973 0.0409394 4 1 0
0.00581552 0.118757 0.0410449 4 1 0
0.0058175 0.118541 0.0411504 4 1 0
0.00581949 0.118325 0.0412563 4 1 0
0.00582148 0.11811 0.0413624 4 1 0
0.00582348 0.117895 0.0414687 4 1 0
0.00582549 0.11768 0.0415751 4 1 0
0.0058275 0.117465 0.0416817 4 1 0
0.00582952 0.117251 0.0417885 4 1 0
0.00583154 0.117037 0.0418954 4 1 0
0.00583358 0.116823 0.0420026 4 1 0
0.00583562 0.116608 0.04211 4 1 0
0.00583767 0.116395 0.0422175 4 1 0
0.00583972 0.116183 0.0423253 4 1 0
0.00584178 0.11597 0.0424331 4 1 0
0.00584386 0.115757 0.0425412 4 1 0
0.00584593 0.115545 0.0426495 4 1 0
0.00584802 0.115333 0.042758 4 1 0
0.00585011 0.115121 0.0428667 4 1 0
0.00585222 0.11491 0.0429756 4 1 0
0.00585433 0.114699 0.0430846 4 1 0
0.00585645 0.114488 0.0431938 4 1 0
0.00585858 0.114277 0.0433033 4 1 0
0.00586071 0.114067 0.0434129 4 1 0
0.00586286 0.113857 0.0435227 4 1 0
0.00586502 0.113647 0.0436327 4 1 0
0.00586718 0.113438 0.0437432 4 1 0
0.00586935 0.113228 0.0438536 4 1 0
0.00587154 0.113019 0.0439641 4 1 0
0.00587373 0.11281 0.0440746 4 1 0
0.00587594 0.112602 0.0441855 4 1 0
0.00587815 0.112393 0.0442966 4 1 0
0.00588037 0.112185 0.0444078 4 1 0
0.00588261 0.111978 0.0445193 4 1 0
0.00588485 0.11177 0.044631 4 1 0
0.00588711 0.111562 0.0447428 4 1 0
0.00588938 0.111355 0.0448549 4 1 0
0.00589166 0.111149 0.0449671 4 1 0
0.00589395 0.110942 0.0450797 4 1 0
0.00589625 0.110736 0.0451923 4 1 0
0.00589857 0.11053 0.0453051 4 1 0
0.00590089 0.110324 0.0454182 4 1 0
0.00590323 0.110119 0.0455314 4 1 0
0.00590558 0.109914 0.0456448 4 1 0
0.00590795 0.109709 0.0457582 4 1 0
0.00591032 0.109504 0.045872 4 1 0
0.00591272 0.1093 0.045986 4 1 0
0.00591512 0.109096 0.0461002 4 1 0
0.00591754 0.108892 0.0462145 4 1 0
0.00591997 0.108689 0.0463291 4 1 0
0.00592242 0.108485 0.046444 4 1 0
0.00592488 0.108282 0.0465589 4 1 0
0.00592735 0.108079 0.0466741 4 1 0
0.00592984 0.107876 0.0467895 4 1 0
0.00593235 0.107674 0.046905 4 1 0
0.00593487 0.107472 0.0470208 4 1 0
0.00593741 0.10727 0.0471366 4 1 0
0.00593997 0.107069 0.0472528 4 1 0
0.00594254 0.106867 0.0473691 4 1 0
0.00594513 0.106666 0.0474858 4 1 0
0.00594773 0.106465 0.0476025 4 1 0
0.00595035 0.106265 0.0477194 4 1 0
0.00595299 0.106064 0.0478368 4 1 0
0.00595565 0.105864 0.0479541 4 1 0
0.00595833 0.105664 0.0480716 4 1 0
0.00596103 0.105465 0.0481891 4 1 0
0.00596374 0.105265 0.0483071 4 1 0
0.00596648 0.105066 0.0484252 4 1 0
0.00596923 0.104867 0.0485434 4 1 0
0.00597201 0.104669 0.0486619 4 1 0
0.00597481 0.10447 0.0487806 4 1 0
0.00597762 0.104272 0.0488996 4 1 0
0.00598046 0.104074 0.0490187 4 1 0
0.00598333 0.103877 0.049138 4 1 0
0.00598621 0.103679 0.0492575 4 1 0
0.00598912 0.103482 0.0493772 4 1 0
0.00599205 0.103285 0.0494971 4 1 0
0.005995 0.103089 0.0496172 4 1 0
0.00599798 0.102892 0.0497375 4 1 0
0.00600098 0.102696 0.0498581 4 1 0
0.00600401 0.1025 0.0499789 4 1 0
0.00600707 0.102304 0.0500998 4 1 0
0.00601015 0.102109 0.050221 4 1 0
0.00601325 0.101914 0.0503424 4 1 0
0.00601639 0.101719 0.050464 4 1 0
0.00601955 0.101524 0.0505857 4 1 0
0.00602274 0.101329 0.0507076 4 1 0
0.00602596 0.101135 0.0508298 4 1 0
0.00602921 0.100941 0.0509522 4 1 0
0.0060325 0.100747 0.051075 4 1 0
0.00603581 0.100554 0.0511979 4 1 0
0.00603915 0.10036 0.0513209 4 1 0
0.00604253 0.100168 0.0514442 4 1 0
0.00604594 0.0999747 0.0515677 4 1 0
0.00604938 0.099782 0.0516913 4 1 0
0.00605286 0.0995899 0.051815 4 1 0
0.00605637 0.0993977 0.0519391 4 1 0
0.00605992 0.0992057 0.0520634 4 1 0
0.0060635 0.0990138 0.052188 4 1 0
0.00606712 0.0988222 0.0523127 4 1 0
0.00607079 0.0986312 0.0524376 4 1 0
0.00607449 0.0984403 0.0525625 4 1 0
0.00607823 0.0982494 0.0526878 4 1 0
0.00608201 0.098059 0.0528134 4 1 0
0.00608583 0.0978688 0.0529391 4 1 0
0.0060897 0.0976787 0.053065 4 1 0
0.00609361 0.0974891 0.0531912 4 1 0
0.00609756 0.0972995 0.0533176 4 1 0
0.00610156 0.09711 0.0534443 4 1 0
0.00610561 0.096921 0.0535711 4 1 0
0.00610971 0.0967322 0.0536982 4 1 0
0.00611385 0.0965437 0.0538255 4 1 0
0.00611805 0.0963554 0.053953 4 1 0
0.0061223 0.0961669 0.0540809 4 1 0
0.0061266 0.0959791 0.0542088 4 1 0
0.00613095 0.0957915 0.0543369 4 1 0
0.00613536 0.0956038 0.0544655 4 1 0
0.00613982 0.0954166 0.0545941 4 1 0
0.00614435 0.0952296 0.0547229 4 1 0
0.00614893 0.0950427 0.0548518 4 1 0
0.00615358 0.0948562 0.0549811 4 1 0
0.00615828 0.0946698 0.0551106 4 1 0
0.00616306 0.0944835 0.0552401 4 1 0
0.00616789 0.0942976 0.0553701 4 1 0
0.0061728 0.0941119 0.0555002 4 1 0
0.00617777 0.0939263 0.0556305 4 1 0
0.00618282 0.0937411 0.0557611 4 1 0
0.00618793 0.093556 0.055892 4 1 0
0.00619313 0.093371 0.056023 4 1 0
0.00619839 0.0931864 0.0561543 4 1 0
0.00620374 0.0930021 0.0562858 4 1 0
0.00620917 0.0928176 0.0564176 4 1 0
0.00621468 0.0926337 0.0565496 4 1 0
0.00622028 0.09245 0.0566818 4 1 0
0.00622596 0.0922664 0.0568143 4 1 0
0.00623174 0.0920831 0.0569469 4 1 0
0.00623761 0.0919 0.0570798 4 1 0
0.00624357 0.091717 0.0572131 4 1 0
0.00624963 0.0915342 0.0573464 4 1 0
0.00625579 0.0913517 0.05748 4 1 0
0.00626206 0.0911695 0.0576139 4 1 0
0.00626843 0.0909873 0.057748 4 1 0
0.00627491 0.0908054 0.0578823 4 1 0
0.00628151 0.0906238 0.058017 4 1 0
0.00628822 0.0904423 0.0581517 4 1 0
0.00629505 0.0902609 0.0582867 4 1 0
0.006302 0.09008 0.058422 4 1 0
0.00630909 0.089899 0.0585576 4 1 0
0.0063163 0.0897183 0.0586933 4 1 0
0.00632365 0.0895379 0.0588293 4 1 0
0.00633114 0.0893575 0.0589655 4 1 0
0.00633878 0.0891775 0.059102 4 1 0
0.00634656 0.0889977 0.0592387 4 1 0
0.0063545 0.0888181 0.0593757 4 1 0
0.0063626 0.0886387 0.0595129 4 1 0
0.00637086 0.0884594 0.0596503 4 1 0
0.00637929 0.0882804 0.0597881 4 1 0
0.0063879 0.0881016 0.0599261 4 1 0
0.00639669 0.0879228 0.0600642 4 1 0
0.00640566 0.0877445 0.0602027 4 1 0
0.00641484 0.0875662 0.0603415 4 1 0
0.00642421 0.0873882 0.0604804 4 1 0
0.00643379 0.0872103 0.0606197 4 1 0
0.00644359 0.0870326 0.0607592 4 1 0
0.00645362 0.0868551 0.0608989 4 1 0
0.00646387 0.0866777 0.061039 4 1 0
0.00647437 0.0865006 0.0611793 4 1 0
0.00648512 0.0863237 0.0613198 4 1 0
0.00649613 0.0861469 0.0614606 4 1 0
0.00650741 0.0859703 0.0616017 4 1 0
0.00651898 0.0857939 0.061743 4 1 0
0.00653083 0.0856177 0.0618846 4 1 0
0.00654299 0.0854416 0.0620265 4 1 0
0.00655547 0.0852658 0.0621686 4 1 0
0.00656828 0.0850902 0.062311 4 1 0
0.00658143 0.0849146 0.0624537 4 1 0
0.00659494 0.0847393 0.0625967 4 1 0
0.00660883 0.0845641 0.0627399 4 1 0
0.00662311 0.0843891 0.0628835 4 1 0
0.0066378 0.0842144 0.0630273 4 1 0
0.00665291 0.0840397 0.0631714 4 1 0
0.00666848 0.0838652 0.0633157 4 1 0
0.00668451 0.0836909 0.0634604 4 1 0
0.00670103 0.0835167 0.0636054 4 1 0
0.00671806 0.0833427 0.0637506 4 1 0
0.00673564 0.0831691 0.0638961 4 1 0
0.00675378 0.0829954 0.064042 4 1 0
0.00677252 0.0828219 0.0641881 4 1 0
0.00679188 0.0826485 0.0643345 4 1 0
0.0068119 0.0824754 0.0644812 4 1 0
0.00683261 0.0823024 0.0646282 4 1 0
0.00685406 0.0821293 0.0647756 4 1 0
0.00687628 0.0819566 0.0649232 4 1 0
0.00689931 0.0817841 0.0650711 4 1 0
0.0069232 0.0816117 0.0652194 4 1 0
0.00694801 0.0814394 0.065368 4 1 0
0.00697378 0.0812672 0.0655169 4 1 0
0.00700058 0.0810951 0.0656661 4 1 0
0.00702846 0.0809232 0.0658156 4 1 0
0.00705751 0.0807515 0.0659655 4 1 0
0.00708778 0.0805797 0.0661157 4 1 0
0.00711937 0.0804082 0.0662663 4 1 0
0.00715236 0.0802368 0.0664171 4 1 0
0.00718685 0.0800656 0.0665683 4 1 0
0.00722295 0.0798945 0.0667199 4 1 0
0.00726076 0.0797234 0.0668718 4 1 0
0.00730042 0.0795525 0.0670241 4 1 0
0.00734207 0.0793817 0.0671767 4 1 0
0.00738586 0.0792109 0.0673296 4 1 0
0.00743196 0.0790404 0.067483 4 1 0
0.00748056 0.07887 0.0676367 4 1 0
0.00753186 0.0786996 0.0677907 4 1 0
0.00758611 0.0785293 0.0679451 4 1 0
0.00764356 0.0783592 0.0680999 4 1 0
0.0077045 0.0781892 0.0682549 4 1 0
0.00776925 0.0780193 0.0684103 4 1 0
0.00783819 0.0778496 0.068566 4 1 0
0.00791172 0.0776801 0.0687221 4 1 0
0.00799031 0.0775107 0.0688785 4 1 0
0.00807449 0.0773416 0.0690351 4 1 0
0.00816486 0.0771726 0.069192 4 1 0
0.0082621 0.077004 0.0693491 4 1 0
0.00836701 0.0768356 0.0695064 4 1 0
0.00848048 0.0766677 0.0696638 4 1 0
0.00860353 0.0765003 0.0698211 4 1 0
0.00873738 0.0763334 0.0699785 4 1 0
0.00888338 0.0761673 0.0701355 4 1 0
0.00904312 0.076002 0.0702923 4 1 0
0.00921843 0.0758377 0.0704485 4 1 0
0.00941144 0.0756748 0.0706039 4 1 0
0.00962459 0.0755134 0.0707583 4 1 0
0.0098607 0.075354 0.0709112 4 1 0
0.010123 0.0751969 0.0710623 4 1 0
0.0104152 0.0750426 0.0712112 4 1 0
0.0107416 0.0748917 0.0713572 4 1 0
0.011107 0.0747447 0.0714998 4 1 0
0.0115169 0.0746022 0.0716384 4 1 0
0.0119774 0.0744649 0.0717723 4 1 0
0.0124959 0.0743333 0.0719009 4 1 0
0.0130805 0.0742081 0.0720235 4 1 0
0.0137409 0.0740896 0.0721398 4 1 0
0.0144887 0.0739783 0.0722493 4 1 0
0.0153379 0.0738744 0.0723518 4 1 0
0.016306 0.0737779 0.0724471 4 1 0
0.0174149 0.0736889 0.0725351 4 1 0
0.0186924 0.0736073 0.0726159 4 1 0
0.020175 0.073533 0.0726896 4 1 0
0.0219101 0.0734658 0.0727564 4 1 0
0.0239601 0.0734054 0.0728164 4 1 0
0.026408 0.0733517 0.0728698 4 1 0
0.0293627 0.0733046 0.0729168 4 1 0
0.0329627 0.0732639 0.0729574 4 1 0
0.0373721 0.0732294 0.0729918 4 1 0
0.0427531 0.0732011 0.07302 4 1 0
0.049203 0.0731788 0.0730423 4 1 0
0.0566794 0.073162 0.0730592 4 1 0
0.0649921 0.0731496 0.0730715 4 1 0
0.0738943 0.0731408 0.0730803 4 1 0
0.0831778 0.0731344 0.0730867 4 1 0
0.0927012 0.0731297 0.0730914 4 1 0
0.102376 0.0731263 0.0730948 4 1 0
0.112149 0.0731237 0.0730974 4 1 0
0.121987 0.0731216 0.0730995 4 1 0
0.131867 0.07312 0.0731011 4 1 0
0.141778 0.0731188 0.0731023 4 1 0
0.151711 0.0731177 0.0731034 4 1 0
0.161658 0.0731169 0.0731042 4 1 0
0.171617 0.0731162 0.073105 4 1 0
0.181585 0.0731156 0.0731056 4 1 0
0.191558 0.0731151 0.0731061 4 1 0
0.201537 0.0731146 0.0731065 4 1 0
0.211519 0.0731142 0.0731069 4 1 0
0.221505 0.0731139 0.0731072 4 1 0
0.231493 0.0731136 0.0731075 4 1 0
0.241482 0.0731134 0.0731077 4 1 0
0.251474 0.0731132 0.0731079 4 1 0
0.261466 0.073113 0.0731081 4 1 0
0.27146 0.0731128 0.0731083 4 1 0
0.281454 0.0731126 0.0731085 4 1 0
0.29145 0.0731125 0.0731086 4 1 0
0.301445 0.0731124 0.0731087 4 1 0
0.311442 0.0731123 0.0731089 4 1 0
0.321439 0.0731122 0.073109 4 1 0
0.331436 0.0731121 0.0731091 4 1 0
0.341433 0.073112 0.0731091 4 1 0
0.351431 0.0731119 0.0731092 4 1 0
0.361429 0.0731118 0.0731093 4 1 0
0.371427 0.0731118 0.0731094 4 1 0
0.381426 0.0731117 0.0731094 4 1 0
0.391424 0.0731116 0.0731095 4 1 0
0.401423 0.0731116 0.0731095 4 1 0
0.411422 0.0731115 0.0731096 4 1 0
0.42142 0.0731115 0.0731096 4 1 0
0.43142 0.0731114 0.0731097 4 1 0
0.441419 0.0731114 0.0731097 4 1 0
0.451418 0.0731114 0.0731097 4 1 0
0.461417 0.0731113 0.0731098 4 1 0
0.471416 0.0731113 0.0731098 4 1 0
0.481416 0.0731113 0.0731098 4 1 0
0.491415 0.0731112 0.0731099 4 1 0
0.501415 0.0731112 0.0731099 4 1 0
0.511414 0.0731112 0.0731099 4 1 0
0.521414 0.0731112 0.0731099 4 1 0
0.531413 0.0731111 0.07311 4 1 0
0.541413 0.0731111 0.07311 4 1 0
0.551413 0.0731111 0.07311 4 1 0
0.561412 0.0731111 0.07311 4 1 0
0.571412 0.0731111 0.07311 4 1 0
0.581412 0.073111 0.0731101 4 1 0
0.591411 0.073111 0.0731101 4 1 0
0.601411 0.073111 0.0731101 4 1 0
0.611411 0.073111 0.0731101 4 1 0
0.621411 0.073111 0.0731101 4 1 0
0.63141 0.073111 0.0731101 4 1 0
0.64141 0.073111 0.0731102 4 1 0
0.65141 0.0731109 0.0731102 4 1 0
0.66141 0.0731109 0.0731102 4 1 0
0.67141 0.0731109 0.0731102 4 1 0
0.68141 0.0731109 0.0731102 4 1 0
0.691409 0.0731109 0.0731102 4 1 0
0.701409 0.0731109 0.0731102 4 1 0
0.711409 0.0731109 0.0731102 4 1 0
0.721409 0.0731109 0.0731102 4 1 0
0.731409 0.0731109 0.0731102 4 1 0
0.741409 0.0731109 0.0731103 4 1 0
0.751409 0.0731108 0.0731103 4 1 0
0.761409 0.0731108 0.0731103 4 1 0
0.771408 0.0731108 0.0731103 4 1 0
0.781408 0.0731108 0.0731103 4 1 0
0.791408 0.0731108 0.0731103 4 1 0
0.801408 0.0731108 0.0731103 4 1 0
0.811408 0.0731108 0.0731103 4 1 0
0.821408 0.0731108 0.0731103 4 1 0
0.831408 0.0731108 0.0731103 4 1 0
0.841408 0.0731108 0.0731103 4 1 0
0.851408 0.0731108 0.0731103 4 1 0
0.861408 0.0731108 0.0731103 4 1 0
0.871408 0.0731108 0.0731103 4 1 0
0.881408 0.0731108 0.0731103 4 1 0
0.891408 0.0731108 0.0731103 4 1 0
0.901408 0.0731108 0.0731104 4 1 0
0.911408 0.0731108 0.0731104 4 1 0
0.921408 0.0731107 0.0731104 4 1 0
0.931407 0.0731107 0.0731104 4 1 0
0.941407 0.0731107 0.0731104 4 1 0
0.951407 0.0731107 0.0731104 4 1 0
0.961407 0.0731107 0.0731104 4 1 0
0.971407 0.0731107 0.0731104 4 1 0
0.981407 0.0731107 0.0731104 4 1 0
0.991407 0.0731107 0.0731104 4 1 0
1.00141 0.0731107 0.0731104 4 1 0
0.004 0.45566 0.00118404 4 1 0
0.00392065 0.454989 0.00118466 3 1 0
0.00388084 0.463789 0.00108691 3 1 0
0.0038797 0.464072 0.00108429 3 1 0
0.00387773 0.464516 0.00107961 3 1 0
0.00387573 0.464959 0.00107496 3 1 0
0.00387374 0.465395 0.00107038 3 1 0
0.00387175 0.465836 0.0010658 3 1 0
0.00386976 0.466281 0.00106124 3 1 0
0.00386778 0.466731 0.00105673 3 1 0
0.0038658 0.467172 0.00105224 3 1 0
0.00386383 0.467612 0.00104778 3 1 0
0.00386186 0.468049 0.00104335 3 1 0
0.00385989 0.468484 0.00103895 3 1 0
0.00385793 0.468919 0.00103458 3 1 0
0.00385597 0.469347 0.00103024 3 1 0
0.00385402 0.469781 0.00102593 3 1 0
0.00385207 0.470218 0.00102165 3 1 0
0.00385012 0.470646 0.00101741 3 1 0
0.00384819 0.471079 0.00101316 3 1 0
0.00384625 0.471512 0.00100895 3 1 0
0.00384432 0.471936 0.00100477 3 1 0
0.0038424 0.472367 0.00100062 3 1 0
0.00384048 0.472796 0.000996501 3 1 0
0.00383856 0.473229 0.000992412 3 1 0
0.00383665 0.473654 0.000988354 3 1 0
0.00383475 0.474077 0.000984327 3 1 0
0.00383285 0.474498 0.000980331 3 1 0
0.00383095 0.474919 0.000976366 3 1 0
0.00382906 0.475338 0.000972432 3 1 0
0.00382718 0.475752 0.000968529 3 1 0
0.0038253 0.476169 0.000964657 3 1 0
0.00382343 0.476584 0.000960817 3 1 0
0.00382157 0.476992 0.000957006 3 1 0
0.00381971 0.477405 0.000953229 3 1 0
0.00381785 0.477816 0.000949482 3 1 0
0.00381601 0.478224 0.000945768 3 1 0
0.00381417 0.478632 0.000942084 3 1 0
0.00381233 0.479037 0.000938433 3 1 0
0.0038105 0.479437 0.000934814 3 1 0
0.00380868 0.47984 0.000931227 3 1 0
0.00380687 0.48024 0.000927672 3 1 0
0.00380506 0.480634 0.000924149 3 1 0
0.00380326 0.481031 0.000920659 3 1 0
0.00380147 0.481426 0.000917201 3 1 0
0.00379968 0.481812 0.000913776 3 1 0
0.00379791 0.482203 0.000910384 3 1 0
0.00379614 0.482592 0.000907026 3 1 0
0.00379437 0.482971 0.000903701 3 1 0
0.00379262 0.483356 0.000900409 3 1 0
0.00379088 0.483739 0.000897152 3 1 0
0.00378914 0.48411 0.000893928 3 1 0
0.00378741 0.484489 0.000890739 3 1 0
0.00378569 0.484864 0.000887584 3 1 0
0.00378398 0.485232 0.000884464 3 1 0
0.00378228 0.485602 0.000881379 3 1 0
0.00378059 0.48597 0.00087833 3 1 0
0.00377891 0.486325 0.000875315 3 1 0
0.00377724 0.486688 0.000872338 3 1 0
0.00377557 0.487047 0.000869397 3 1 0
0.00377392 0.487402 0.000866491 3 1 0
0.00377228 0.487751 0.000863624 3 1 0
0.00377065 0.488097 0.000860794 3 1 0
0.00376904 0.488438 0.000858 3 1 0
0.00376743 0.488782 0.000855246 3 1 0
0.00376584 0.489122 0.000852532 3 1 0
0.00376425 0.489452 0.000849853 3 1 0
0.00376269 0.489785 0.000847218 3 1 0
0.00376113 0.490114 0.000844622 3 1 0
0.00375958 0.490437 0.000842063 3 1 0
0.00375805 0.490754 0.00083954 3 1 0
0.00375654 0.491067 0.000837046 3 1 0
0.00375504 0.491382 0.000834602 3 1 0
0.00375355 0.491691 0.000832194 3 1 0
0.00375208 0.491996 0.00082983 3 1 0
0.00375062 0.492288 0.000827522 3 1 0
0.00374918 0.492579 0.000825247 3 1 0
0.00374775 0.492868 0.000823018 3 1 0
0.00374635 0.493159 0.00082085 3 1 0
0.00374496 0.493435 0.000818714 3 1 0
0.00374358 0.493707 0.000816627 3 1 0
0.00374223 0.493982 0.000814598 3 1 0
0.00374089 0.494243 0.000812609 3 1 0
0.00373958 0.494499 0.000810671 3 1 0
0.00373828 0.494756 0.000808788 3 1 0
0.00373701 0.495 0.000806955 3 1 0
0.00373575 0.495239 0.000805176 3 1 0
0.00373452 0.495473 0.000803461 3 1 0
0.00373331 0.495699 0.000801792 3 1 0
0.00373212 0.495918 0.000800179 3 1 0
0.00373096 0.496131 0.00079865 3 1 0
0.00372982 0.496336 0.000797153 3 1 0
0.00372871 0.496534 0.000795717 3 1 0
0.00372762 0.496725 0.000794329 3 1 0
0.00372656 0.496908 0.000793019 3 1 0
0.00372552 0.497083 0.000791772 3 1 0
0.00372452 0.497244 0.000790582 3 1 0
0.00372354 0.497403 0.00078947 3 1 0
0.00372259 0.497554 0.000788425 3 1 0
0.00372168 0.497692 0.00078745 3 1 0
0.00372079 0.497825 0.000786547 3 1 0
0.00371994 0.497949 0.000785716 3 1 0
0.00371912 0.498057 0.000784961 3 1 0
0.00371833 0.498162 0.000784279 3 1 0
0.00371758 0.498257 0.000783673 3 1 0
0.00371687 0.498345 0.000783149 3 1 0
0.00371619 0.498419 0.000782701 3 1 0
0.00371555 0.498483 0.000782333 3 1 0
0.00371494 0.498527 0.000782053 3 1 0
0.00371438 0.498568 0.000781849 3 1 0
0.00371385 0.498598 0.00078173 3 1 0
0.00371337 0.498628 0.000781704 3 1 0
0.00371292 0.498637 0.000781757 3 1 0
0.00371252 0.498634 0.000781897 3 1 0
0.00371216 0.498609 0.000782133 3 1 0
0.00371185 0.498582 0.000782451 3 1 0
0.00371157 0.498544 0.00078286 3 1 0
0.00371134 0.498498 0.000783365 3 1 0
0.00371116 0.498435 0.000783956 3 1 0
0.00371101 0.498361 0.000784639 3 1 0
0.00371092 0.498281 0.000785421 3 1 0
0.00371087 0.498182 0.000786287 3 1 0
0.00371086 0.498071 0.000787236 3 1 0
0.0037109 0.497952 0.000788272 3 1 0
0.00371098 0.497817 0.000789407 3 1 0
0.00371111 0.49767 0.000790635 3 1 0
0.00371129 0.497512 0.000791953 3 1 0
0.00371151 0.497342 0.000793365 3 1 0
0.00371177 0.497161 0.000794869 3 1 0
0.00371208 0.496967 0.000796459 3 1 0
0.00371244 0.496763 0.000798144 3 1 0
0.00371283 0.496547 0.000799917 3 1 0
0.00371327 0.496321 0.000801776 3 1 0
0.00371375 0.496084 0.000803725 3 1 0
0.00371427 0.495837 0.00080576 3 1 0
0.00371484 0.495579 0.000807878 3 1 0
0.00371544 0.495311 0.000810081 3 1 0
0.00371609 0.495034 0.000812367 3 1 0
0.00371677 0.494744 0.000814731 3 1 0
0.00371749 0.494447 0.000817178 3 1 0
0.00371825 0.494141 0.000819702 3 1 0
0.00371904 0.493829 0.000822304 3 1 0
0.00371987 0.493505 0.000824981 3 1 0
0.00372073 0.493174 0.000827732 3 1 0
0.00372163 0.492838 0.000830555 3 1 0
0.00372256 0.49249 0.00083345 3 1 0
0.00372352 0.492136 0.000836415 3 1 0
0.00372452 0.491776 0.000839448 3 1 0
0.00372959 0.489979 0.000854642 4 1 0
0.00373075 0.489581 0.000858041 3 1 0
0.00373194 0.489181 0.000861501 3 1 0
0.00373314 0.488772 0.000865019 3 1 0
0.00373437 0.488357 0.000868595 3 1 0
0.00373562 0.487939 0.000872228 3 1 0
0.0037369 0.487514 0.000875916 3 1 0
0.0037382 0.487085 0.000879659 3 1 0
0.00373952 0.486654 0.000883456 3 1 0
0.00374086 0.486216 0.000887305 3 1 0
0.00374222 0.485774 0.000891206 3 1 0
0.0037436 0.485331 0.000895159 3 1 0
0.00374499 0.484882 0.00089916 3 1 0
0.00374641 0.484429 0.000903211 3 1 0
0.00374785 0.483973 0.000907311 3 1 0
0.0037493 0.483513 0.000911458 3 1 0
0.00375076 0.483051 0.000915653 3 1 0
0.00375225 0.482585 0.000919895 3 1 0
0.00375375 0.482116 0.000924181 3 1 0
0.00375526 0.481645 0.000928513 3 1 0
0.00375679 0.48117 0.000932891 3 1 0
0.00375833 0.480693 0.000937311 3 1 0
0.00375989 0.480213 0.000941775 3 1 0
0.00376146 0.479732 0.000946286 3 1 0
0.00376305 0.479248 0.000950835 3 1 0
0.00376464 0.478761 0.000955427 3 1 0
0.00376625 0.478273 0.000960065 3 1 0
0.00376787 0.477783 0.000964739 3 1 0
0.00376951 0.47729 0.000969455 3 1 0
0.00377115 0.476797 0.000974217 3 1 0
0.00377281 0.476301 0.000979014 3 1 0
0.00377447 0.475803 0.00098385 3 1 0
0.00377615 0.475304 0.000988735 3 1 0
0.00377783 0.474803 0.00099365 3 1 0
0.00377953 0.4743 0.000998604 3 1 0
0.00378124 0.473797 0.00100359 3 1 0
0.00378295 0.473292 0.00100861 3 1 0
0.00378468 0.472785 0.00101367 3 1 0
0.00378641 0.472278 0.00101875 3 1 0
0.00378815 0.471769 0.00102389 3 1 0
0.0037899 0.471259 0.00102906 3 1 0
0.00379166 0.470748 0.00103426 3 1 0
0.00379342 0.470236 0.0010395 3 1 0
0.0037952 0.469723 0.00104479 3 1 0
0.00379698 0.469207 0.00105009 3 1 0
0.00379877 0.468693 0.00105545 3 1 0
0.00380056 0.468178 0.00106084 3 1 0
0.00380237 0.46766 0.00106625 3 1 0
0.00380418 0.467143 0.00107172 3 1 0
0.003806 0.466625 0.00107722 3 1 0
0.00380782 0.466103 0.00108275 3 1 0
0.00380965 0.465585 0.00108832 3 1 0
0.00381148 0.465066 0.00109393 3 1 0
0.00381333 0.464541 0.00109959 3 1 0
0.00381517 0.464021 0.00110527 3 1 0
0.00381703 0.463501 0.00111098 3 1 0
0.00381889 0.462976 0.00111674 3 1 0
0.00382075 0.462455 0.00112252 3 1 0
0.00382262 0.461933 0.00112834 3 1 0
0.0038245 0.461408 0.0011342 3 1 0
0.00382638 0.460885 0.0011401 3 1 0
0.00382827 0.460361 0.00114602 3 1 0
0.00383016 0.459831 0.00115199 3 1 0
0.00383206 0.459307 0.00115798 3 1 0
0.00383396 0.458783 0.00116402 3 1 0
0.00383586 0.458249 0.00117009 3 1 0
0.00383777 0.457725 0.00117619 3 1 0
0.00383969 0.457201 0.00118233 3 1 0
0.00384161 0.456669 0.00118851 3 1 0
0.00384353 0.456139 0.00119472 3 1 0
0.00384546 0.455615 0.00120096 3 1 0
0.00384739 0.455092 0.00120725 3 1 0
0.00384933 0.454562 0.00121356 3 1 0
0.00385127 0.454032 0.00121992 3 1 0
0.00385321 0.453512 0.0012263 3 1 0
0.00385516 0.452982 0.00123273 3 1 0
0.00385711 0.452452 0.00123919 3 1 0
0.00385907 0.451931 0.00124568 3 1 0
0.00386103 0.451401 0.00125221 3 1 0
0.00386299 0.450872 0.00125878 3 1 0
0.00386496 0.450347 0.00126538 3 1 0
0.00386693 0.449818 0.00127202 3 1 0
0.0038689 0.449289 0.00127869 3 1 0
0.00387088 0.448762 0.00128541 3 1 0
0.00387286 0.448233 0.00129215 3 1 0
0.00387484 0.447704 0.00129894 3 1 0
0.00387683 0.447177 0.00130576 3 1 0
0.00387882 0.446648 0.00131261 3 1 0
0.00388081 0.446119 0.00131951 3 1 0
0.0038828 0.445592 0.00132644 3 1 0
0.0038848 0.445064 0.00133341 3 1 0
0.0038868 0.444536 0.00134041 3 1 0
0.00388881 0.444008 0.00134746 3 1 0
0.00389081 0.44348 0.00135453 3 1 0
0.00389282 0.442952 0.00136164 3 1 0
0.00389483 0.442424 0.00136881 3 1 0
0.00389685 0.441897 0.001376 3 1 0
0.00389887 0.44137 0.00138322 3 1 0
0.00390089 0.440841 0.00139051 3 1 0
0.00390291 0.440315 0.00139781 3 1 0
0.00390493 0.439788 0.00140514 3 1 0
0.00390696 0.43926 0.00141245 3 1 0
0.00390899 0.438735 0.00141984 3 1 0
0.00391102 0.438209 0.00142726 3 1 0
0.00391306 0.437681 0.00143468 3 1 0
0.00391509 0.437155 0.00144218 3 1 0
0.00391713 0.43663 0.00144972 3 1 0
0.00391918 0.436096 0.00145727 3 1 0
0.00392122 0.435573 0.00146489 3 1 0
0.00392326 0.435049 0.00147255 3 1 0
0.00392531 0.434523 0.00148029 3 1 0
0.00392736 0.434 0.00148802 3 1 0
0.00392941 0.433477 0.00149579 3 1 0
0.00393147 0.432947 0.00150362 3 1 0
0.00393352 0.432425 0.00151146 3 1 0
0.00393558 0.431903 0.00151934 3 1 0
0.00393764 0.431377 0.00152729 3 1 0
0.0039397 0.430855 0.00153525 3 1 0
0.00394177 0.430333 0.00154325 3 1 0
0.00394383 0.429808 0.0015513 3 1 0
0.0039459 0.429287 0.00155938 3 1 0
0.00394797 0.428766 0.00156749 3 1 0
0.00395004 0.428242 0.00157566 3 1 0
0.00395211 0.427721 0.00158386 3 1 0
0.00395419 0.427201 0.00159209 3 1 0
0.00395626 0.426678 0.00160037 3 1 0
0.00395834 0.426158 0.00160868 3 1 0
0.00396042 0.425638 0.00161703 3 1 0
0.0039625 0.425114 0.00162544 3 1 0
0.00396458 0.424595 0.00163387 3 1 0
0.00396667 0.424076 0.00164234 3 1 0
0.00396875 0.423558 0.00165086 3 1 0
0.00397084 0.423039 0.00165941 3 1 0
0.00397293 0.42252 0.001668 3 1 0
0.00397502 0.422 0.00167664 3 1 0
0.00397711 0.421482 0.00168531 3 1 0
0.00397921 0.420965 0.00169402 3 1 0
0.0039813 0.420447 0.00170278 3 1 0
0.0039834 0.41993 0.00171157 3 1 0
0.00398549 0.419412 0.00172041 3 1 0
0.00398759 0.418896 0.00172929 3 1 0
0.00398969 0.418379 0.00173821 3 1 0
0.00399179 0.417863 0.00174717 3 1 0
0.0039939 0.417347 0.00175617 3 1 0
0.003996 0.416832 0.00176522 3 1 0
0.00399811 0.416317 0.0017743 3 1 0
0.00400021 0.415802 0.00178343 3 1 0
0.00400232 0.415287 0.0017926 3 1 0
0.00400443 0.414772 0.00180181 3 1 0
0.00400654 0.41426 0.00181107 3 1 0
0.00400865 0.413746 0.00182037 3 1 0
0.00401076 0.413233 0.00182971 3 1 0
0.00401288 0.412721 0.00183909 3 1 0
0.00401499 0.412208 0.00184852 3 1 0
0.00401711 0.411696 0.00185799 3 1 0
0.00401923 0.411184 0.0018675 3 1 0
0.00402134 0.410673 0.00187705 3 1 0
0.00402346 0.410162 0.00188665 3 1 0
0.00402558 0.40965 0.0018963 3 1 0
0.0040277 0.409141 0.00190598 3 1 0
0.00402983 0.408632 0.00191572 3 1 0
0.00403195 0.408121 0.00192549 3 1 0
0.00403408 0.407613 0.00193531 3 1 0
0.0040362 0.407105 0.00194518 3 1 0
0.00403833 0.406595 0.00195508 3 1 0
0.00404045 0.406088 0.00196504 3 1 0
0.00404258 0.405581 0.00197503 3 1 0
0.00404471 0.405073 0.00198508 3 1 0
0.00404684 0.404567 0.00199517 3 1 0
0.00404897 0.40406 0.0020053 3 1 0
0.0040511 0.403551 0.00201548 3 1 0
0.00405324 0.403046 0.0020257 3 1 0
0.00405537 0.402542 0.00203598 3 1 0
0.00405751 0.402028 0.00204629 3 1 0
0.00405964 0.401526 0.00205665 3 1 0
0.00406178 0.401024 0.00206706 3 1 0
0.00406391 0.400516 0.00207751 3 1 0
0.00406605 0.400015 0.00208801 3 1 0
0.00406819 0.399514 0.00209856 3 1 0
0.00407033 0.399007 0.00210915 3 1 0
0.00407247 0.398505 0.0021198 3 1 0
0.00407461 0.398006 0.00213049 3 1 0
0.00407675 0.397503 0.00214122 3 1 0
0.00407889 0.397 0.00215201 3 1 0
0.00408104 0.396502 0.00216284 3 1 0
0.00408318 0.396 0.00217372 3 1 0
0.00408532 0.395503 0.00218465 3 1 0
0.00408747 0.395005 0.00219562 3 1 0
0.00408961 0.394501 0.00220664 3 1 0
0.00409176 0.394004 0.00221772 3 1 0
0.00409391 0.393508 0.00222884 3 1 0
0.00409606 0.393007 0.00224 3 1 0
0.0040982 0.392509 0.00225123 3 1 0
0.00410035 0.392015 0.00226248 3 1 0
0.0041025 0.391518 0.00227377 3 1 0
0.00410465 0.391019 0.0022851 3 1 0
0.0041068 0.390524 0.00229648 3 1 0
0.00410895 0.390028 0.00230791 3 1 0
0.00411111 0.389535 0.00231939 3 1 0
0.00411326 0.389042 0.00233092 3 1 0
0.00411541 0.388546 0.00234251 3 1 0
0.00411756 0.388055 0.00235413 3 1 0
0.00411972 0.387563 0.00236581 3 1 0
0.00412187 0.387069 0.00237755 3 1 0
0.00412403 0.386578 0.00238933 3 1 0
0.00412618 0.386087 0.00240116 3 1 0
0.00412834 0.38559 0.00241304 3 1 0
0.00413049 0.385101 0.00242498 3 1 0
0.00413265 0.384611 0.00243696 3 1 0
0.00413481 0.384118 0.002449 3 1 0
0.00413697 0.38363 0.00246109 3 1 0
0.00413912 0.383142 0.00247323 3 1 0
0.00414128 0.382646 0.00248542 3 1 0
0.00414344 0.382159 0.00249766 3 1 0
0.0041456 0.381673 0.00250996 3 1 0
0.00414776 0.381185 0.0025223 3 1 0
0.00414992 0.380699 0.0025347 3 1 0
0.00415208 0.380213 0.00254716 3 1 0
0.00415424 0.379727 0.00255966 3 1 0
0.0041564 0.379241 0.00257222 3 1 0
0.00415856 0.378755 0.00258483 3 1 0
0.00416072 0.378262 0.0025975 3 1 0
0.00416289 0.377775 0.00261022 3 1 0
0.00416505 0.37729 0.00262299 3 1 0
0.00416721 0.37681 0.00263582 3 1 0
0.00416937 0.376328 0.0026487 3 1 0
0.00417154 0.375846 0.00266163 3 1 0
0.0041737 0.375355 0.00267462 3 1 0
0.00417587 0.374873 0.00268767 3 1 0
0.00417803 0.374393 0.00270077 3 1 0
0.00418019 0.373908 0.00271392 3 1 0
0.00418236 0.373429 0.00272713 3 1 0
0.00418452 0.37295 0.0027404 3 1 0
0.00418669 0.372465 0.00275372 3 1 0
0.00418885 0.371985 0.00276709 3 1 0
0.00419102 0.371507 0.00278053 3 1 0
0.00419318 0.371027 0.00279401 3 1 0
0.00419535 0.370546 0.00280756 3 1 0
0.00419752 0.370069 0.00282116 3 1 0
0.00419968 0.369593 0.00283482 3 1 0
0.00420185 0.369113 0.00284853 3 1 0
0.00420402 0.368635 0.00286231 3 1 0
0.00420618 0.368157 0.00287614 3 1 0
0.00420835 0.367683 0.00289002 3 1 0
0.00421052 0.367209 0.00290397 3 1 0
0.00421268 0.366729 0.00291797 3 1 0
0.00421485 0.366256 0.00293203 3 1 0
0.00421702 0.365784 0.00294615 3 1 0
0.00421919 0.36531 0.00296033 3 1 0
0.00422135 0.364837 0.00297456 3 1 0
0.00422352 0.364365 0.00298884 3 1 0
0.00422569 0.363888 0.00300314 3 1 0
0.00422786 0.363417 0.0030175 3 1 0
0.00423002 0.362946 0.00303192 3 1 0
0.00423219 0.362473 0.00304639 3 1 0
0.00423436 0.362003 0.00306093 3 1 0
0.00423653 0.361533 0.00307553 3 1 0
0.0042387 0.36106 0.00309018 3 1 0
0.00424086 0.360591 0.0031049 3 1 0
0.00424303 0.360122 0.00311968 3 1 0
0.0042452 0.359653 0.0031345 3 1 0
0.00424737 0.359184 0.0031494 3 1 0
0.00424954 0.358716 0.00316436 3 1 0
0.00425171 0.35824 0.00317937 3 1 0
0.00425387 0.357774 0.00319445 3 1 0
0.00425604 0.357309 0.00320959 4 1 0
0.00425821 0.356839 0.00322476 4 1 0
0.00426038 0.356372 0.00324004 4 1 0
0.00426255 0.355908 0.00325537 4 1 0
0.00426471 0.355443 0.00327077 4 1 0
0.00426688 0.35498 0.00328622 4 1 0
0.00426905 0.354516 0.00330173 4 1 0
0.00427122 0.354049 0.00331731 4 1 0
0.00427338 0.353586 0.00333294 4 1 0
0.00427555 0.353124 0.00334864 4 1 0
0.00427772 0.352659 0.0033644 4 1 0
0.00427989 0.352198 0.00338022 4 1 0
0.00428205 0.351737 0.00339611 4 1 0
0.00428422 0.351272 0.00341205 4 1 0
0.00428639 0.350813 0.00342807 4 1 0
0.00428855 0.350353 0.00344414 4 1 0
0.00429072 0.34989 0.00346028 4 1 0
0.00429289 0.349432 0.00347648 4 1 0
0.00429505 0.348973 0.00349275 4 1 0
0.00429722 0.348511 0.00350907 4 1 0
0.00429939 0.348054 0.00352547 4 1 0
0.00430155 0.347596 0.00354193 4 1 0
0.00430372 0.347138 0.00355845 4 1 0
0.00430588 0.346681 0.00357504 4 1 0
0.00430805 0.346224 0.00359169 4 1 0
0.00431021 0.345767 0.00360841 4 1 0
0.00431238 0.345311 0.0036252 4 1 0
0.00431454 0.344855 0.00364205 4 1 0
0.00431671 0.344398 0.00365896 4 1 0
0.00431887 0.343944 0.00367594 4 1 0
0.00432103 0.343489 0.003693 4 1 0
0.0043232 0.343034 0.00371011 4 1 0
0.00432536 0.34258 0.00372729 4 1 0
0.00432752 0.342127 0.00374454 4 1 0
0.00432969 0.341673 0.00376186 4 1 0
0.00433185 0.341221 0.00377925 4 1 0
0.00433401 0.340769 0.0037967 4 1 0
0.00433617 0.340316 0.00381422 4 1 0
0.00433833 0.339866 0.00383181 4 1 0
0.00434049 0.339415 0.00384947 4 1 0
0.00434265 0.338959 0.00386719 4 1 0
0.00434482 0.33851 0.00388492 4 1 0
0.00434698 0.338062 0.00390273 4 1 0
0.00434914 0.337611 0.0039206 4 1 0
0.00435129 0.337163 0.00393855 4 1 0
0.00435345 0.336716 0.00395656 4 1 0
0.00435561 0.336265 0.00397464 4 1 0
0.00435777 0.335816 0.00399279 4 1 0
0.00435993 0.335367 0.00401101 4 1 0
0.00436209 0.334927 0.0040293 4 1 0
0.00436424 0.33448 0.00404766 4 1 0
0.0043664 0.334033 0.00406609 4 1 0
0.00436856 0.333588 0.00408458 4 1 0
0.00437071 0.333144 0.00410316 4 1 0
0.00437287 0.332699 0.0041218 4 1 0
0.00437502 0.332255 0.00414053 4 1 0
0.00437718 0.33181 0.00415932 4 1 0
0.00437933 0.331366 0.00417817 4 1 0
0.00438149 0.330925 0.00419711 4 1 0
0.00438364 0.330482 0.00421611 4 1 0
0.00438579 0.330039 0.00423518 4 1 0
0.00438794 0.329597 0.00425433 4 1 0
0.0043901 0.329155 0.00427354 4 1 0
0.00439225 0.328713 0.00429283 4 1 0
0.0043944 0.328274 0.0043122 4 1 0
0.00439655 0.327834 0.00433163 4 1 0
0.0043987 0.327393 0.00435114 4 1 0
0.00440085 0.326955 0.00437072 4 1 0
0.004403 0.326516 0.00439038 4 1 0
0.00440514 0.326077 0.0044101 4 1 0
0.00440729 0.325639 0.00442991 4 1 0
0.00440944 0.325201 0.00444978 4 1 0
0.00441159 0.324763 0.00446973 4 1 0
0.00441373 0.324326 0.00448976 4 1 0
0.00441588 0.32389 0.00450986 4 1 0
0.00441802 0.323454 0.00453004 4 1 0
0.00442017 0.323017 0.00455028 4 1 0
0.00442231 0.322582 0.00457061 4 1 0
0.00442445 0.322148 0.00459101 4 1 0
0.0044266 0.321711 0.00461149 4 1 0
0.00442874 0.321278 0.00463204 4 1 0
0.00443088 0.320845 0.00465267 4 1 0
0.00443302 0.320408 0.00467338 4 1 0
0.00443516 0.319977 0.00469416 4 1 0
0.0044373 0.319545 0.00471502 4 1 0
0.00443944 0.31911 0.00473595 4 1 0
0.00444158 0.31868 0.00475697 4 1 0
0.00444371 0.31825 0.00477806 4 1 0
0.00444585 0.317814 0.00479923 4 1 0
0.00444799 0.317384 0.00482047 4 1 0
0.00445012 0.316955 0.0048418 4 1 0
0.00445226 0.316523 0.00486314 4 1 0
0.00445439 0.316095 0.00488456 4 1 0
0.00445652 0.315668 0.00490606 4 1 0
0.00445866 0.315237 0.00492763 4 1 0
0.00446079 0.314811 0.00494928 4 1 0
0.00446292 0.314385 0.00497102 4 1 0
0.00446505 0.313955 0.00499283 4 1 0
0.00446718 0.31353 0.00501472 4 1 0
0.00446931 0.313105 0.00503669 4 1 0
0.00447144 0.31268 0.00505874 4 1 0
0.00447356 0.312255 0.00508088 4 1 0
0.00447569 0.31183 0.00510309 4 1 0
0.00447782 0.311404 0.00512538 4 1 0
0.00447994 0.310981 0.00514775 4 1 0
0.00448207 0.310557 0.00517021 4 1 0
0.00448419 0.31013 0.00519274 4 1 0
0.00448631 0.309708 0.00521536 4 1 0
0.00448843 0.309286 0.00523806 4 1 0
0.00449056 0.308865 0.00526084 4 1 0
0.00449268 0.308443 0.0052837 4 1 0
0.0044948 0.308021 0.00530665 4 1 0
0.00449691 0.3076 0.00532967 4 1 0
0.00449903 0.307179 0.00535278 4 1 0
0.00450115 0.306758 0.00537598 4 1 0
0.00450326 0.306339 0.00539925 4 1 0
0.00450538 0.305919 0.00542261 4 1 0
0.00450749 0.3055 0.00544606 4 1 0
0.00450961 0.305081 0.00546958 4 1 0
0.00451172 0.304663 0.00549319 4 1 0
0.00451383 0.304245 0.00551689 4 1 0
0.00451594 0.303826 0.00554067 4 1 0
0.00451805 0.30341 0.00556453 4 1 0
0.00452016 0.302993 0.00558848 4 1 0
0.00452227 0.302574 0.00561251 4 1 0
0.00452438 0.302159 0.00563663 4 1 0
0.00452648 0.301744 0.00566084 4 1 0
0.00452859 0.301327 0.00568513 4 1 0
0.00453069 0.300913 0.0057095 4 1 0
0.00453279 0.3005 0.00573397 4 1 0
0.0045349 0.300086 0.00575851 4 1 0
0.004537 0.299673 0.00578315 4 1 0
0.0045391 0.29926 0.00580787 4 1 0
0.0045412 0.298846 0.00583268 4 1 0
0.00454329 0.298434 0.00585755 4 1 0
0.00454539 0.298023 0.00588246 4 1 0
0.00454749 0.297608 0.00590745 4 1 0
0.00454958 0.297198 0.00593253 4 1 0
0.00455168 0.296788 0.0059577 4 1 0
0.00455377 0.296375 0.00598295 4 1 0
0.00455586 0.295966 0.00600829 4 1 0
0.00455795 0.295557 0.00603373 4 1 0
0.00456004 0.295145 0.00605925 4 1 0
0.00456213 0.294737 0.00608486 4 1 0
0.00456422 0.29433 0.00611056 4 1 0
0.0045663 0.29392 0.00613634 4 1 0
0.00456839 0.293513 0.00616222 4 1 0
0.00457047 0.293107 0.00618819 4 1 0
0.00457256 0.292696 0.00621425 4 1 0
0.00457464 0.292291 0.0062404 4 1 0
0.00457672 0.291887 0.00626664 4 1 0
0.0045788 0.291478 0.00629296 4 1 0
0.00458088 0.291075 0.00631938 4 1 0
0.00458296 0.290671 0.0063459 4 1 0
0.00458503 0.290266 0.0063725 4 1 0
0.00458711 0.28986 0.00639919 4 1 0
0.00458918 0.289455 0.00642598 4 1 0
0.00459126 0.289054 0.00645286 4 1 0
0.00459333 0.28865 0.00647983 4 1 0
0.0045954 0.288246 0.00650689 4 1 0
0.00459747 0.287849 0.00653405 4 1 0
0.00459954 0.287446 0.00656129 4 1 0
0.0046016 0.287043 0.00658863 4 1 0
0.00460367 0.286645 0.00661607 4 1 0
0.00460573 0.286244 0.0066436 4 1 0
0.0046078 0.285844 0.00667122 4 1 0
0.00460986 0.285445 0.00669894 4 1 0
0.00461192 0.285045 0.00672675 4 1 0
0.00461398 0.284646 0.00675465 4 1 0
0.00461604 0.284247 0.00678265 4 1 0
0.00461809 0.283849 0.00681074 4 1 0
0.00462015 0.283451 0.00683893 4 1 0
0.0046222 0.283051 0.00686722 4 1 0
0.00462426 0.282655 0.0068956 4 1 0
0.00462631 0.282259 0.00692401 4 1 0
0.00462836 0.281861 0.00695248 4 1 0
0.00463041 0.281466 0.00698107 4 1 0
0.00463246 0.281071 0.00700975 4 1 0
0.0046345 0.280674 0.00703851 4 1 0
0.00463655 0.28028 0.00706738 4 1 0
0.00463859 0.279886 0.00709635 4 1 0
0.00464063 0.279492 0.00712541 4 1 0
0.00464267 0.279099 0.00715457 4 1 0
0.00464471 0.278706 0.00718383 4 1 0
0.00464675 0.278312 0.00721318 4 1 0
0.00464879 0.27792 0.00724263 4 1 0
0.00465082 0.277528 0.00727218 4 1 0
0.00465286 0.277131 0.00730183 4 1 0
0.00465489 0.27674 0.00733158 4 1 0
0.00465692 0.276351 0.00736143 4 1 0
0.00465895 0.27596 0.00739137 4 1 0
0.00466098 0.275571 0.00742142 4 1 0
0.00466301 0.275182 0.00745156 4 1 0
0.00466503 0.274789 0.00748181 4 1 0
0.00466706 0.274401 0.00751215 4 1 0
0.00466908 0.274014 0.0075426 4 1 0
0.0046711 0.273623 0.00757314 4 1 0
0.00467312 0.273237 0.00760379 4 1 0
0.00467514 0.27285 0.00763453 4 1 0
0.00467715 0.272462 0.00766538 4 1 0
0.00467917 0.272073 0.00769633 4 1 0
0.00468118 0.271687 0.00772738 4 1 0
0.00468319 0.271304 0.00775853 4 1 0
0.0046852 0.270917 0.00778978 4 1 0
0.00468721 0.270531 0.00782114 4 1 0
0.00468922 0.270148 0.0078526 4 1 0
0.00469122 0.269763 0.00788416 4 1 0
0.00469323 0.269377 0.00791582 4 1 0
0.00469523 0.268998 0.00794759 4 1 0
0.00469723 0.268614 0.00797946 4 1 0
0.00469923 0.26823 0.00801135 4 1 0
0.00470123 0.267849 0.00804332 4 1 0
0.00470323 0.267467 0.00807541 4 1 0
0.00470522 0.267085 0.0081076 4 1 0
0.00470721 0.266703 0.00813989 4 1 0
0.0047092 0.266322 0.00817229 4 1 0
0.00471119 0.265941 0.00820479 4 1 0
0.00471318 0.265561 0.00823739 4 1 0
0.00471517 0.265181 0.00827011 4 1 0
0.00471715 0.264802 0.00830292 4 1 0
0.00471913 0.264422 0.00833584 4 1 0
0.00472112 0.264043 0.00836887 4 1 0
0.0047231 0.263665 0.008402 4 1 0
0.00472507 0.263285 0.00843524 4 1 0
0.00472705 0.262908 0.00846859 4 1 0
0.00472902 0.262531 0.00850204 4 1 0
0.004731 0.262153 0.0085356 4 1 0
0.00473297 0.261777 0.00856926 4 1 0
0.00473494 0.261402 0.00860304 4 1 0
0.0047369 0.261025 0.00863692 4 1 0
0.00473887 0.260648 0.0086709 4 1 0
0.00474083 0.260272 0.008705 4 1 0
0.0047428 0.259901 0.00873921 4 1 0
0.00474476 0.259526 0.00877352 4 1 0
0.00474671 0.259152 0.00880794 4 1 0
0.00474867 0.258779 0.00884247 4 1 0
0.00475063 0.258406 0.00887711 4 1 0
0.00475258 0.258033 0.00891185 4 1 0
0.00475453 0.25766 0.00894672 4 1 0
0.00475648 0.257289 0.00898168 4 1 0
0.00475843 0.256917 0.00901675 4 1 0
0.00476037 0.256545 0.00905195 4 1 0
0.00476232 0.256175 0.00908724 4 1 0
0.00476426 0.255804 0.00912262 4 1 0
0.0047662 0.255434 0.00915803 4 1 0
0.00476814 0.255064 0.00919356 4 1 0
0.00477007 0.254694 0.0092292 4 1 0
0.00477201 0.254326 0.00926494 4 1 0
0.00477394 0.253957 0.0093008 4 1 0
0.00477587 0.253588 0.00933678 4 1 0
0.0047778 0.25322 0.00937285 4 1 0
0.00477973 0.252853 0.00940905 4 1 0
0.00478165 0.252486 0.00944536 4 1 0
0.00478357 0.252117 0.00948177 4 1 0
0.00478549 0.251751 0.0095183 4 1 0
0.00478741 0.251386 0.00955495 4 1 0
0.00478933 0.251018 0.0095917 4 1 0
0.00479124 0.250654 0.00962858 4 1 0
0.00479316 0.250289 0.00966556 4 1 0
0.00479507 0.249923 0.00970266 4 1 0
0.00479698 0.24956 0.00973987 4 1 0
0.00479888 0.249196 0.00977719 4 1 0
0.00480079 0.248831 0.00981463 4 1 0
0.00480269 0.248468 0.00985219 4 1 0
0.00480459 0.248106 0.00988985 4 1 0
0.00480649 0.247741 0.00992764 4 1 0
0.00480839 0.24738 0.00996554 4 1 0
0.00481028 0.247019 0.0100036 4 1 0
0.00481217 0.246655 0.0100417 4 1 0
0.00481406 0.246295 0.0100799 4 1 0
0.00481595 0.245936 0.0101183 4 1 0
0.00481784 0.245573 0.0101568 4 1 0
0.00481972 0.245214 0.0101954 4 1 0
0.0048216 0.244856 0.0102341 4 1 0
0.00482348 0.244497 0.0102729 4 1 0
0.00482536 0.244137 0.0103119 4 1 0
0.00482724 0.243778 0.0103509 4 1 0
0.00482911 0.243423 0.0103899 4 1 0
0.00483098 0.243065 0.0104291 4 1 0
0.00483285 0.242707 0.0104684 4 1 0
0.00483472 0.242352 0.0105078 4 1 0
0.00483658 0.241995 0.0105474 4 1 0
0.00483844 0.241638 0.010587 4 1 0
0.0048403 0.241284 0.0106268 4 1 0
0.00484216 0.240928 0.0106667 4 1 0
0.00484401 0.240573 0.0107067 4 1 0
0.00484587 0.240216 0.0107468 4 1 0
0.00484772 0.239863 0.0107871 4 1 0
0.00484957 0.239509 0.0108275 4 1 0
0.00485141 0.239155 0.010868 4 1 0
0.00485326 0.238802 0.0109086 4 1 0
0.0048551 0.23845 0.0109493 4 1 0
0.00485694 0.238097 0.0109902 4 1 0
0.00485878 0.237745 0.0110311 4 1 0
0.00486061 0.237393 0.0110722 4 1 0
0.00486244 0.237042 0.0111135 4 1 0
0.00486427 0.236691 0.0111548 4 1 0
0.0048661 0.23634 0.0111963 4 1 0
0.00486793 0.235987 0.0112378 4 1 0
0.00486975 0.235638 0.0112795 4 1 0
0.00487157 0.235289 0.0113214 4 1 0
0.00487339 0.234938 0.0113633 4 1 0
0.00487521 0.23459 0.0114054 4 1 0
0.00487702 0.234242 0.0114476 4 1 0
0.00487883 0.233892 0.0114899 4 1 0
0.00488064 0.233543 0.0115323 4 1 0
0.00488245 0.233195 0.0115749 4 1 0
0.00488425 0.232851 0.0116176 4 1 0
0.00488605 0.232504 0.0116603 4 1 0
0.00488785 0.232157 0.0117031 4 1 0
0.00488965 0.231813 0.011746 4 1 0
0.00489144 0.231467 0.0117891 4 1 0
0.00489323 0.231122 0.0118323 4 1 0
0.00489502 0.230774 0.0118756 4 1 0
0.00489681 0.23043 0.0119191 4 1 0
0.00489859 0.230087 0.0119626 4 1 0
0.00490037 0.229743 0.0120063 4 1 0
0.00490215 0.229399 0.0120501 4 1 0
0.00490393 0.229056 0.0120941 4 1 0
0.0049057 0.228714 0.0121381 4 1 0
0.00490747 0.228372 0.0121823 4 1 0
0.00490924 0.22803 0.0122266 4 1 0
0.00491101 0.227688 0.0122711 4 1 0
0.00491277 0.227347 0.0123156 4 1 0
0.00491453 0.227006 0.0123603 4 1 0
0.00491629 0.226663 0.0124052 4 1 0
0.00491805 0.226324 0.0124501 4 1 0
0.0049198 0.225984 0.0124952 4 1 0
0.00492155 0.225643 0.0125404 4 1 0
0.0049233 0.225304 0.0125857 4 1 0
0.00492504 0.224966 0.0126312 4 1 0
0.00492679 0.224625 0.0126768 4 1 0
0.00492853 0.224287 0.0127225 4 1 0
0.00493026 0.22395 0.0127683 4 1 0
0.004932 0.223612 0.0128143 4 1 0
0.00493373 0.223274 0.0128604 4 1 0
0.00493546 0.222938 0.0129066 4 1 0
0.00493718 0.222603 0.012953 4 1 0
0.00493891 0.222267 0.0129995 4 1 0
0.00494063 0.22193 0.0130461 4 1 0
0.00494235 0.221597 0.0130927 4 1 0
0.00494406 0.221262 0.0131394 4 1 0
0.00494577 0.220927 0.0131863 4 1 0
0.00494748 0.220594 0.0132333 4 1 0
0.00494919 0.22026 0.0132805 4 1 0
0.0049509 0.219926 0.0133278 4 1 0
0.0049526 0.219592 0.0133752 4 1 0
0.0049543 0.21926 0.0134227 4 1 0
0.00495599 0.218928 0.0134704 4 1 0
0.00495768 0.218593 0.0135182 4 1 0
0.00495937 0.218262 0.0135661 4 1 0
0.00496106 0.217931 0.0136142 4 1 0
0.00496275 0.217599 0.0136624 4 1 0
0.00496443 0.217267 0.0137107 4 1 0
0.00496611 0.216937 0.0137592 4 1 0
0.00496778 0.216609 0.0138078 4 1 0
0.00496945 0.216279 0.0138565 4 1 0
0.00497112 0.215949 0.0139054 4 1 0
0.00497279 0.215622 0.0139544 4 1 0
0.00497446 0.215293 0.0140035 4 1 0
0.00497612 0.214964 0.0140528 4 1 0
0.00497777 0.214638 0.0141022 4 1 0
0.00497943 0.21431 0.0141517 4 1 0
0.00498108 0.213983 0.0142014 4 1 0
0.00498273 0.213655 0.0142512 4 1 0
0.00498438 0.213329 0.0143011 4 1 0
0.00498602 0.213003 0.0143512 4 1 0
0.00498766 0.212675 0.0144014 4 1 0
0.0049893 0.212351 0.0144518 4 1 0
0.00499093 0.212026 0.0145022 4 1 0
0.00499256 0.211699 0.0145526 4 1 0
0.00499419 0.211375 0.0146033 4 1 0
0.00499582 0.211052 0.014654 4 1 0
0.00499744 0.210729 0.0147049 4 1 0
0.00499906 0.210405 0.0147559 4 1 0
0.00500067 0.210081 0.0148071 4 1 0
0.00500229 0.209761 0.0148584 4 1 0
0.0050039 0.209438 0.0149098 4 1 0
0.0050055 0.209116 0.0149614 4 1 0
0.00500711 0.208795 0.0150131 4 1 0
0.00500871 0.208474 0.0150649 4 1 0
0.0050103 0.208153 0.0151169 4 1 0
0.0050119 0.207832 0.015169 4 1 0
0.00501349 0.207512 0.0152213 4 1 0
0.00501507 0.207192 0.0152737 4 1 0
0.00501666 0.20687 0.0153262 4 1 0
0.00501824 0.206551 0.0153789 4 1 0
0.00501982 0.206233 0.0154317 4 1 0
0.00502139 0.205915 0.0154847 4 1 0
0.00502296 0.205597 0.0155378 4 1 0
0.00502453 0.205278 0.015591 4 1 0
0.0050261 0.204963 0.0156444 4 1 0
0.00502766 0.204646 0.0156979 4 1 0
0.00502922 0.204329 0.0157515 4 1 0
0.00503077 0.204013 0.0158053 4 1 0
0.00503233 0.203697 0.0158593 4 1 0
0.00503387 0.203382 0.0159133 4 1 0
0.00503542 0.203066 0.0159675 4 1 0
0.00503696 0.202751 0.0160219 4 1 0
0.0050385 0.202436 0.0160762 4 1 0
0.00504004 0.202119 0.0161307 4 1 0
0.00504157 0.201806 0.0161853 4 1 0
0.0050431 0.201493 0.0162401 4 1 0
0.00504462 0.20118 0.016295 4 1 0
0.00504614 0.200868 0.0163501 4 1 0
0.00504766 0.200556 0.0164053 4 1 0
0.00504918 0.200243 0.0164606 4 1 0
0.00505069 0.199931 0.0165161 4 1 0
0.0050522 0.19962 0.0165717 4 1 0
0.0050537 0.199308 0.0166275 4 1 0
0.0050552 0.198997 0.0166834 4 1 0
0.0050567 0.198687 0.0167394 4 1 0
0.0050582 0.198376 0.0167956 4 1 0
0.00505969 0.198066 0.016852 4 1 0
0.00506117 0.197756 0.0169084 4 1 0
0.00506266 0.197449 0.016965 4 1 0
0.00506414 0.197139 0.0170218 4 1 0
0.00506562 0.19683 0.0170787 4 1 0
0.00506709 0.196524 0.0171358 4 1 0
0.00506856 0.196216 0.017193 4 1 0
0.00507003 0.195909 0.0172503 4 1 0
0.00507149 0.195601 0.0173078 4 1 0
0.00507295 0.195295 0.0173654 4 1 0
0.00507441 0.194989 0.0174232 4 1 0
0.00507586 0.19468 0.0174811 4 1 0
0.00507731 0.194375 0.0175392 4 1 0
0.00507875 0.19407 0.0175974 4 1 0
0.00508019 0.193765 0.0176557 4 1 0
0.00508163 0.19346 0.0177142 4 1 0
0.00508306 0.193155 0.0177727 4 1 0
0.0050845 0.192853 0.0178314 4 1 0
0.00508592 0.192549 0.0178901 4 1 0
0.00508735 0.192246 0.0179491 4 1 0
0.00508877 0.191943 0.0180081 4 1 0
0.00509018 0.191641 0.0180674 4 1 0
0.00509159 0.191339 0.0181268 4 1 0
0.005093 0.191036 0.0181863 4 1 0
0.00509441 0.190735 0.0182459 4 1 0
0.00509581 0.190434 0.0183058 4 1 0
0.00509721 0.190131 0.0183657 4 1 0
0.0050986 0.189831 0.0184258 4 1 0
0.00509999 0.189531 0.0184861 4 1 0
0.00510137 0.189229 0.0185465 4 1 0
0.00510276 0.188929 0.018607 4 1 0
0.00510414 0.188631 0.0186677 4 1 0
0.00510551 0.188333 0.0187286 4 1 0
0.00510688 0.188035 0.0187896 4 1 0
0.00510825 0.187736 0.0188507 4 1 0
0.00510961 0.187439 0.018912 4 1 0
0.00511097 0.187142 0.0189735 4 1 0
0.00511233 0.186845 0.0190351 4 1 0
0.00511368 0.186546 0.0190968 4 1 0
0.00511503 0.18625 0.0191587 4 1 0
0.00511637 0.185954 0.0192207 4 1 0
0.00511771 0.185657 0.0192829 4 1 0
0.00511905 0.185362 0.0193453 4 1 0
0.00512038 0.185068 0.0194077 4 1 0
0.00512171 0.184771 0.0194704 4 1 0
0.00512303 0.184477 0.0195331 4 1 0
0.00512435 0.184184 0.0195959 4 1 0
0.00512567 0.18389 0.0196588 4 1 0
0.00512698 0.183596 0.0197219 4 1 0
0.00512829 0.183302 0.0197851 4 1 0
0.00512959 0.183011 0.0198485 4 1 0
0.00513089 0.182719 0.019912 4 1 0
0.00513219 0.182426 0.0199757 4 1 0
0.00513348 0.182135 0.0200396 4 1 0
0.00513477 0.181843 0.0201036 4 1 0
0.00513606 0.181552 0.0201677 4 1 0
0.00513734 0.181261 0.020232 4 1 0
0.00513861 0.180971 0.0202964 4 1 0
0.00513988 0.180681 0.020361 4 1 0
0.00514115 0.180391 0.0204258 4 1 0
0.00514242 0.180101 0.0204907 4 1 0
0.00514368 0.179812 0.0205558 4 1 0
0.00514493 0.179522 0.020621 4 1 0
0.00514618 0.179234 0.0206863 4 1 0
0.00514743 0.178946 0.0207519 4 1 0
0.00514867 0.178657 0.0208175 4 1 0
0.00514991 0.17837 0.0208834 4 1 0
0.00515115 0.178083 0.0209493 4 1 0
0.00515238 0.177795 0.0210154 4 1 0
0.0051536 0.177509 0.0210817 4 1 0
0.00515483 0.177223 0.0211482 4 1 0
0.00515605 0.176937 0.0212148 4 1 0
0.00515726 0.176652 0.0212815 4 1 0
0.00515847 0.176366 0.0213484 4 1 0
0.00515967 0.176083 0.0214154 4 1 0
0.00516087 0.175798 0.0214825 4 1 0
0.00516207 0.175514 0.0215497 4 1 0
0.00516326 0.17523 0.021617 4 1 0
0.00516445 0.174947 0.0216846 4 1 0
0.00516564 0.174663 0.0217522 4 1 0
0.00516681 0.174379 0.02182 4 1 0
0.00516799 0.174097 0.021888 4 1 0
0.00516916 0.173815 0.0219562 4 1 0
0.00517033 0.173531 0.0220244 4 1 0
0.00517149 0.173249 0.0220929 4 1 0
0.00517265 0.172969 0.0221615 4 1 0
0.0051738 0.172687 0.0222303 4 1 0
0.00517495 0.172407 0.0222992 4 1 0
0.00517609 0.172127 0.0223683 4 1 0
0.00517723 0.171846 0.0224375 4 1 0
0.00517837 0.171567 0.0225069 4 1 0
0.0051795 0.171288 0.0225764 4 1 0
0.00518062 0.171009 0.0226461 4 1 0
0.00518175 0.17073 0.022716 4 1 0
0.00518286 0.170452 0.022786 4 1 0
0.00518398 0.170174 0.0228561 4 1 0
0.00518508 0.169896 0.0229264 4 1 0
0.00518619 0.169618 0.0229969 4 1 0
0.00518729 0.169343 0.0230676 4 1 0
0.00518838 0.169066 0.0231384 4 1 0
0.00518947 0.16879 0.0232093 4 1 0
0.00519056 0.168515 0.0232804 4 1 0
0.00519164 0.168239 0.0233517 4 1 0
0.00519271 0.167963 0.0234231 4 1 0
0.00519378 0.167688 0.0234947 4 1 0
0.00519485 0.167414 0.0235664 4 1 0
0.00519591 0.167139 0.0236381 4 1 0
0.00519697 0.166864 0.0237101 4 1 0
0.00519802 0.166591 0.0237821 4 1 0
0.00519907 0.166317 0.0238544 4 1 0
0.00520011 0.166043 0.0239268 4 1 0
0.00520115 0.16577 0.0239993 4 1 0
0.00520219 0.165497 0.024072 4 1 0
0.00520322 0.165226 0.0241449 4 1 0
0.00520424 0.164953 0.0242179 4 1 0
0.00520526 0.164681 0.0242911 4 1 0
0.00520627 0.16441 0.0243645 4 1 0
0.00520728 0.164139 0.0244379 4 1 0
0.00520829 0.163869 0.0245116 4 1 0
0.00520929 0.163598 0.0245854 4 1 0
0.00521028 0.163329 0.0246594 4 1 0
0.00521127 0.16306 0.0247335 4 1 0
0.00521226 0.16279 0.0248078 4 1 0
0.00521324 0.162521 0.0248822 4 1 0
0.00521422 0.162252 0.0249568 4 1 0
0.00521519 0.161985 0.0250316 4 1 0
0.00521615 0.161717 0.0251065 4 1 0
0.00521711 0.161449 0.0251816 4 1 0
0.00521807 0.161183 0.0252569 4 1 0
0.00521902 0.160915 0.0253324 4 1 0
0.00521996 0.160649 0.0254079 4 1 0
0.0052209 0.160382 0.0254837 4 1 0
0.00522184 0.160116 0.0255596 4 1 0
0.00522277 0.15985 0.0256357 4 1 0
0.0052237 0.159584 0.025712 4 1 0
0.00522462 0.159319 0.0257884 4 1 0
0.00522553 0.159054 0.0258649 4 1 0
0.00522644 0.158789 0.0259414 4 1 0
0.00522735 0.158524 0.0260182 4 1 0
0.00522825 0.15826 0.0260951 4 1 0
0.00522914 0.157998 0.0261721 4 1 0
0.00523003 0.157734 0.0262494 4 1 0
0.00523091 0.157471 0.0263267 4 1 0
0.00523179 0.157209 0.0264043 4 1 0
0.00523267 0.156946 0.026482 4 1 0
0.00523353 0.156684 0.0265599 4 1 0
0.0052344 0.156423 0.026638 4 1 0
0.00523526 0.156161 0.0267162 4 1 0
0.00523611 0.1559 0.0267946 4 1 0
0.00523695 0.155639 0.0268731 4 1 0
0.0052378 0.155378 0.0269518 4 1 0
0.00523863 0.155118 0.0270307 4 1 0
0.00523946 0.154858 0.0271097 4 1 0
0.00524029 0.154599 0.0271889 4 1 0
0.00524111 0.154339 0.0272683 4 1 0
0.00524192 0.154081 0.0273478 4 1 0
0.00524273 0.153822 0.0274275 4 1 0
0.00524354 0.153564 0.0275073 4 1 0
0.00524433 0.153306 0.0275874 4 1 0
0.00524513 0.153049 0.0276676 4 1 0
0.00524591 0.152791 0.0277479 4 1 0
0.0052467 0.152534 0.0278285 4 1 0
0.00524747 0.152278 0.0279092 4 1 0
0.00524824 0.152021 0.02799 4 1 0
0.00524901 0.151763 0.0280711 4 1 0
0.00524977 0.151508 0.0281523 4 1 0
0.00525052 0.151253 0.0282335 4 1 0
0.00525127 0.150997 0.0283149 4 1 0
0.00525201 0.150742 0.0283964 4 1 0
0.00525275 0.150487 0.0284782 4 1 0
0.00525348 0.150232 0.0285601 4 1 0
0.0052542 0.149979 0.0286421 4 1 0
0.00525492 0.149725 0.0287243 4 1 0
0.00525563 0.149472 0.0288069 4 1 0
0.00525634 0.149219 0.0288894 4 1 0
0.00525704 0.148966 0.0289721 4 1 0
0.00525774 0.148714 0.0290549 4 1 0
0.00525843 0.148462 0.0291379 4 1 0
0.00525911 0.14821 0.0292212 4 1 0
0.00525979 0.147959 0.0293045 4 1 0
0.00526046 0.147708 0.0293881 4 1 0
0.00526113 0.147456 0.0294718 4 1 0
0.00526179 0.147206 0.0295557 4 1 0
0.00526244 0.146956 0.0296398 4 1 0
0.00526309 0.146706 0.029724 4 1 0
0.00526373 0.146456 0.0298084 4 1 0
0.00526437 0.146207 0.029893 4 1 0
0.00526499 0.145958 0.0299778 4 1 0
0.00526562 0.145709 0.0300627 4 1 0
0.00526623 0.14546 0.0301478 4 1 0
0.00526685 0.145212 0.0302331 4 1 0
0.00526745 0.144963 0.0303185 4 1 0
0.00526805 0.144716 0.0304042 4 1 0
0.00526864 0.144468 0.0304899 4 1 0
0.00526923 0.144222 0.0305757 4 1 0
0.00526981 0.143975 0.0306616 4 1 0
0.00527038 0.143729 0.0307478 4 1 0
0.00527095 0.143482 0.030834 4 1 0
0.00527151 0.143236 0.0309205 4 1 0
0.00527206 0.142991 0.0310072 4 1 0
0.00527261 0.142745 0.0310941 4 1 0
0.00527315 0.142499 0.0311811 4 1 0
0.00527368 0.142255 0.0312683 4 1 0
0.00527421 0.142011 0.0313557 4 1 0
0.00527473 0.141767 0.0314432 4 1 0
0.00527524 0.141523 0.0315309 4 1 0
0.00527575 0.14128 0.0316188 4 1 0
0.00527625 0.141037 0.0317069 4 1 0
0.00527675 0.140794 0.0317951 4 1 0
0.00527724 0.140552 0.0318837 4 1 0
0.00527772 0.14031 0.0319723 4 1 0
0.00527819 0.140068 0.0320611 4 1 0
0.00527866 0.139825 0.0321501 4 1 0
0.00527912 0.139584 0.0322391 4 1 0
0.00527957 0.139343 0.0323283 4 1 0
0.00528002 0.139102 0.0324175 4 1 0
0.00528046 0.138861 0.032507 4 1 0
0.00528089 0.138621 0.0325967 4 1 0
0.00528132 0.138381 0.0326865 4 1 0
0.00528173 0.138141 0.0327766 4 1 0
0.00528214 0.137902 0.0328668 4 1 0
0.00528255 0.137662 0.0329572 4 1 0
0.00528295 0.137424 0.0330478 4 1 0
0.00528334 0.137185 0.0331385 4 1 0
0.00528372 0.136947 0.0332295 4 1 0
0.00528409 0.136709 0.0333206 4 1 0
0.00528446 0.136471 0.0334119 4 1 0
0.00528482 0.136235 0.0335034 4 1 0
0.00528517 0.135998 0.0335951 4 1 0
0.00528552 0.135761 0.0336869 4 1 0
0.00528586 0.135525 0.033779 4 1 0
0.00528619 0.135289 0.0338712 4 1 0
0.00528651 0.135053 0.0339635 4 1 0
0.00528683 0.134817 0.0340559 4 1 0
0.00528713 0.134582 0.0341485 4 1 0
0.00528743 0.134347 0.0342412 4 1 0
0.00528773 0.134112 0.0343341 4 1 0
0.00528801 0.133877 0.0344272 4 1 0
0.00528829 0.133643 0.0345205 4 1 0
0.00528856 0.133408 0.034614 4 1 0
0.00528882 0.133175 0.0347076 4 1 0
0.00528907 0.132942 0.0348014 4 1 0
0.00528932 0.132709 0.0348954 4 1 0
0.00528955 0.132476 0.0349896 4 1 0
0.00528978 0.132244 0.035084 4 1 0
0.00529 0.132012 0.0351785 4 1 0
0.00529022 0.13178 0.0352733 4 1 0
0.00529042 0.131548 0.0353682 4 1 0
0.00529062 0.131317 0.0354633 4 1 0
0.0052908 0.131086 0.0355586 4 1 0
0.00529098 0.130855 0.0356541 4 1 0
0.00529116 0.130625 0.0357498 4 1 0
0.00529132 0.130395 0.0358457 4 1 0
0.00529147 0.130165 0.0359416 4 1 0
0.00529162 0.129936 0.0360376 4 1 0
0.00529175 0.129706 0.0361338 4 1 0
0.00529188 0.129477 0.0362302 4 1 0
0.005292 0.129248 0.0363268 4 1 0
0.00529211 0.12902 0.0364235 4 1 0
0.00529221 0.128792 0.0365205 4 1 0
0.00529231 0.128563 0.0366176 4 1 0
0.00529239 0.128336 0.036715 4 1 0
0.00529246 0.128109 0.0368125 4 1 0
0.00529253 0.127881 0.0369102 4 1 0
0.00529259 0.127654 0.0370081 4 1 0
0.00529263 0.127428 0.0371062 4 1 0
0.00529267 0.127201 0.0372045 4 1 0
0.0052927 0.126975 0.0373029 4 1 0
0.00529272 0.12675 0.0374016 4 1 0
0.00529273 0.126524 0.0375004 4 1 0
0.00529273 0.126401 0.0375542 4 1 0
0.00529273 0.126176 0.0376533 4 1 0
0.00529271 0.125952 0.0377527 4 1 0
0.00529269 0.125728 0.0378521 4 1 0
0.00529265 0.125503 0.0379515 4 1 0
0.00529261 0.12528 0.0380512 4 1 0
0.00529256 0.125057 0.0381511 4 1 0
0.00529249 0.124833 0.0382512 4 1 0
0.00529242 0.12461 0.0383514 4 1 0
0.00529233 0.124387 0.0384518 4 1 0
0.00529224 0.124165 0.0385525 4 1 0
0.00529213 0.123942 0.0386533 4 1 0
0.00529202 0.12372 0.0387543 4 1 0
0.00529189 0.123499 0.0388555 4 1 0
0.00529176 0.123277 0.0389569 4 1 0
0.00529161 0.123056 0.0390584 4 1 0
0.00529145 0.122835 0.0391602 4 1 0
0.00529129 0.122613 0.0392621 4 1 0
0.00529111 0.122393 0.0393643 4 1 0
0.00529092 0.122173 0.0394666 4 1 0
0.00529072 0.121954 0.0395691 4 1 0
0.00529051 0.121734 0.0396718 4 1 0
0.00529028 0.121515 0.0397747 4 1 0
0.00529005 0.121296 0.0398779 4 1 0
0.0052898 0.121078 0.0399812 4 1 0
0.00528954 0.120859 0.0400846 4 1 0
0.00528928 0.120641 0.0401881 4 1 0
0.00528899 0.120423 0.0402917 4 1 0
0.0052887 0.120205 0.0403956 4 1 0
0.0052884 0.119988 0.0404997 4 1 0
0.00528808 0.11977 0.0406039 4 1 0
0.00528775 0.119554 0.0407084 4 1 0
0.00528741 0.119337 0.0408131 4 1 0
0.00528706 0.11912 0.0409179 4 1 0
0.00528669 0.118904 0.0410229 4 1 0
0.00528632 0.118688 0.0411281 4 1 0
0.00528593 0.118473 0.0412335 4 1 0
0.00528552 0.118257 0.0413392 4 1 0
0.00528511 0.118042 0.041445 4 1 0
0.00528468 0.117827 0.041551 4 1 0
0.00528424 0.117613 0.0416572 4 1 0
0.00528378 0.117399 0.0417636 4 1 0
0.00528331 0.117185 0.0418702 4 1 0
0.00528283 0.116971 0.041977 4 1 0
0.00528233 0.116758 0.042084 4 1 0
0.00528182 0.116545 0.0421911 4 1 0
0.0052813 0.116332 0.0422985 4 1 0
0.00528076 0.11612 0.0424059 4 1 0
0.00528021 0.115907 0.0425135 4 1 0
0.00527964 0.115695 0.0426213 4 1 0
0.00527906 0.115483 0.0427292 4 1 0
0.00527847 0.115271 0.0428374 4 1 0
0.00527786 0.11506 0.0429457 4 1 0
0.00527723 0.114849 0.0430543 4 1 0
0.00527659 0.114638 0.0431631 4 1 0
0.00527594 0.114428 0.0432721 4 1 0
0.00527527 0.114217 0.0433813 4 1 0
0.00527458 0.114007 0.0434907 4 1 0
0.00527388 0.113797 0.0436003 4 1 0
0.00527317 0.113587 0.0437101 4 1 0
0.00527243 0.113378 0.04382 4 1 0
0.00527168 0.113169 0.0439302 4 1 0
0.00527092 0.11296 0.0440406 4 1 0
0.00527014 0.112752 0.0441512 4 1 0
0.00526934 0.112543 0.044262 4 1 0
0.00526852 0.112336 0.044373 4 1 0
0.00526769 0.112128 0.044484 4 1 0
0.00526684 0.11192 0.0445952 4 1 0
0.00526597 0.111713 0.0447066 4 1 0
0.00526508 0.111506 0.0448183 4 1 0
0.00526418 0.111299 0.0449301 4 1 0
0.00526326 0.111092 0.0450421 4 1 0
0.00526232 0.110886 0.0451544 4 1 0
0.00526136 0.11068 0.0452668 4 1 0
0.00526038 0.110474 0.0453795 4 1 0
0.00525939 0.110269 0.0454923 4 1 0
0.00525837 0.110064 0.0456054 4 1 0
0.00525734 0.109858 0.0457186 4 1 0
0.00525628 0.109653 0.0458321 4 1 0
0.00525521 0.109449 0.0459458 4 1 0
0.00525411 0.109245 0.0460596 4 1 0
0.005253 0.109041 0.0461737 4 1 0
0.00525186 0.108837 0.046288 4 1 0
0.00525071 0.108634 0.0464025 4 1 0
0.00524953 0.108431 0.0465172 4 1 0
0.00524833 0.108228 0.0466321 4 1 0
0.00524711 0.108025 0.046747 4 1 0
0.00524587 0.107822 0.0468623 4 1 0
0.0052446 0.10762 0.0469778 4 1 0
0.00524331 0.107418 0.0470935 4 1 0
0.005242 0.107216 0.0472092 4 1 0
0.00524067 0.107014 0.0473252 4 1 0
0.00523931 0.106813 0.0474412 4 1 0
0.00523793 0.106612 0.0475576 4 1 0
0.00523652 0.106412 0.0476742 4 1 0
0.00523509 0.106211 0.0477911 4 1 0
0.00523363 0.10601 0.0479081 4 1 0
0.00523215 0.10581 0.0480254 4 1 0
0.00523064 0.10561 0.0481429 4 1 0
0.00522911 0.10541 0.0482606 4 1 0
0.00522755 0.105211 0.0483786 4 1 0
0.00522597 0.105012 0.0484966 4 1 0
0.00522435 0.104813 0.048615 4 1 0
0.00522271 0.104614 0.0487335 4 1 0
0.00522104 0.104416 0.048852 4 1 0
0.00521934 0.104218 0.0489708 4 1 0
0.00521762 0.10402 0.0490899 4 1 0
0.00521586 0.103822 0.049209 4 1 0
0.00521408 0.103625 0.0493285 4 1 0
0.00521226 0.103428 0.0494482 4 1 0
0.00521041 0.103231 0.0495682 4 1 0
0.00520853 0.103034 0.0496884 4 1 0
0.00520663 0.102837 0.0498088 4 1 0
0.00520468 0.102641 0.0499295 4 1 0
0.00520271 0.102445 0.0500503 4 1 0
0.0052007 0.102249 0.0501713 4 1 0
0.00519866 0.102053 0.0502924 4 1 0
0.00519658 0.101857 0.0504139 4 1 0
0.00519447 0.101662 0.0505354 4 1 0
0.00519232 0.101468 0.0506569 4 1 0
0.00519014 0.101273 0.0507789 4 1 0
0.00518792 0.101079 0.0509012 4 1 0
0.00518566 0.100885 0.0510237 4 1 0
0.00518337 0.100691 0.0511464 4 1 0
0.00518103 0.100497 0.0512694 4 1 0
0.00517866 0.100303 0.0513926 4 1 0
0.00517624 0.10011 0.0515159 4 1 0
0.00517379 0.0999169 0.0516394 4 1 0
0.00517129 0.0997239 0.0517631 4 1 0
0.00516875 0.0995312 0.051887 4 1 0
0.00516617 0.0993388 0.0520111 4 1 0
0.00516354 0.0991461 0.0521355 4 1 0
0.00516087 0.0989542 0.0522601 4 1 0
0.00515815 0.0987624 0.0523849 4 1 0
0.00515539 0.0985713 0.0525102 4 1 0
0.00515258 0.09838 0.0526355 4 1 0
0.00514972 0.0981889 0.0527611 4 1 0
0.00514681 0.0979981 0.0528867 4 1 0
0.00514385 0.0978075 0.0530126 4 1 0
0.00514083 0.097617 0.0531387 4 1 0
0.00513777 0.0974267 0.0532652 4 1 0
0.00513465 0.0972367 0.0533918 4 1 0
0.00513148 0.0970469 0.0535186 4 1 0
0.00512825 0.096857 0.0536457 4 1 0
0.00512497 0.0966677 0.0537731 4 1 0
0.00512162 0.0964785 0.0539007 4 1 0
0.00511822 0.09629 0.0540285 4 1 0
0.00511476 0.0961013 0.0541564 4 1 0
0.00511123 0.0959128 0.0542845 4 1 0
0.00510764 0.0957245 0.0544129 4 1 0
0.00510399 0.0955364 0.0545416 4 1 0
0.00510027 0.0953485 0.0546705 4 1 0
0.00509648 0.0951606 0.0547997 4 1 0
0.00509262 0.0949731 0.0549291 4 1 0
0.00508869 0.0947859 0.0550588 4 1 0
0.00508469 0.0945988 0.0551887 4 1 0
0.00508062 0.094412 0.0553188 4 1 0
0.00507647 0.0942254 0.055449 4 1 0
0.00507224 0.0940391 0.0555796 4 1 0
0.00506793 0.0938528 0.0557104 4 1 0
0.00506354 0.0936668 0.0558414 4 1 0
0.00505906 0.093481 0.0559727 4 1 0
0.0050545 0.0932954 0.0561043 4 1 0
0.00504986 0.09311 0.0562361 4 1 0
0.00504512 0.0929243 0.0563682 4 1 0
0.00504029 0.0927393 0.0565004 4 1 0
0.00503536 0.0925545 0.0566329 4 1 0
0.00503034 0.0923701 0.0567656 4 1 0
0.00502522 0.0921857 0.0568987 4 1 0
0.00501999 0.0920015 0.057032 4 1 0
0.00501466 0.0918174 0.0571655 4 1 0
0.00500923 0.0916336 0.0572993 4 1 0
0.00500368 0.0914499 0.0574333 4 1 0
0.00499801 0.091266 0.0575675 4 1 0
0.00499223 0.0910827 0.057702 4 1 0
0.00498633 0.0908996 0.0578368 4 1 0
0.00498031 0.090717 0.057972 4 1 0
0.00497415 0.0905342 0.0581074 4 1 0
0.00496787 0.0903516 0.058243 4 1 0
0.00496145 0.0901691 0.0583786 4 1 0
0.00495489 0.0899868 0.0585147 4 1 0
0.00494819 0.0898047 0.058651 4 1 0
0.00494134 0.0896229 0.0587877 4 1 0
0.00493433 0.0894412 0.0589247 4 1 0
0.00492717 0.0892597 0.0590619 4 1 0
0.00491985 0.0890784 0.0591993 4 1 0
0.00491236 0.0888973 0.059337 4 1 0
0.0049047 0.0887162 0.059475 4 1 0
0.00489685 0.0885352 0.0596132 4 1 0
0.00488883 0.0883545 0.0597518 4 1 0
0.00488061 0.0881739 0.0598907 4 1 0
0.00487219 0.0879937 0.0600299 4 1 0
0.00486357 0.0878135 0.0601694 4 1 0
0.00485474 0.0876335 0.0603091 4 1 0
0.0048457 0.0874535 0.0604489 4 1 0
0.00483642 0.0872737 0.0605892 4 1 0
0.00482691 0.0870941 0.0607297 4 1 0
0.00481716 0.0869147 0.0608706 4 1 0
0.00480716 0.0867354 0.0610118 4 1 0
0.00479689 0.0865562 0.0611534 4 1 0
0.00478635 0.0863771 0.0612953 4 1 0
0.00477554 0.0861982 0.0614374 4 1 0
0.00476442 0.0860195 0.0615797 4 1 0
0.00475301 0.0858406 0.0617224 4 1 0
0.00474127 0.0856622 0.0618654 4 1 0
0.00472921 0.0854839 0.0620087 4 1 0
0.00471681 0.0853058 0.0621524 4 1 0
0.00470405 0.0851277 0.0622964 4 1 0
0.00469091 0.0849497 0.0624407 4 1 0
0.00467739 0.0847718 0.0625854 4 1 0
0.00466346 0.084594 0.0627304 4 1 0
0.00464911 0.0844163 0.0628757 4 1 0
0.00463431 0.0842386 0.0630214 4 1 0
0.00461906 0.0840611 0.0631675 4 1 0
0.00460332 0.0838837 0.0633138 4 1 0
0.00458707 0.0837066 0.0634606 4 1 0
0.0045703 0.0835295 0.0636077 4 1 0
0.00455296 0.0833524 0.0637551 4 1 0
0.00453505 0.0831753 0.0639029 4 1 0
0.00451652 0.0829984 0.0640511 4 1 0
0.00449736 0.0828215 0.0641996 4 1 0
0.00447751 0.0826447 0.0643485 4 1 0
0.00445696 0.082468 0.0644977 4 1 0
0.00443566 0.0822915 0.0646473 4 1 0
0.00441357 0.082115 0.0647973 4 1 0
0.00439065 0.0819385 0.0649476 4 1 0
0.00436686 0.0817621 0.0650984 4 1 0
0.00434214 0.0815857 0.0652494 4 1 0
0.00431645 0.0814094 0.0654009 4 1 0
0.00428973 0.0812333 0.0655527 4 1 0
0.00426192 0.0810574 0.0657049 4 1 0
0.00423295 0.0808814 0.0658575 4 1 0
0.00420277 0.0807055 0.0660104 4 1 0
0.00417129 0.0805297 0.0661634 4 1 0
0.00413845 0.0803542 0.0663168 4 1 0
0.00410415 0.0801787 0.0664705 4 1 0
0.00406832 0.0800035 0.0666244 4 1 0
0.00403087 0.0798284 0.0667783 4 1 0
0.0039917 0.0796538 0.0669323 4 1 0
0.0039507 0.0794796 0.0670863 4 1 0
0.00390779 0.0793057 0.0672402 4 1 0
0.00386285 0.0791325 0.0673937 4 1 0
0.00381579 0.07896 0.0675468 4 1 0
0.0037665 0.0787885 0.067699 4 1 0
0.0037149 0.0786182 0.06785 4 1 0
0.0036609 0.0784495 0.0679992 4 1 0
0.00360448 0.078283 0.0681461 4 1 0
0.00354563 0.0781193 0.0682893 4 1 0
0.00348446 0.0779597 0.0684274 4 1 0
0.00342124 0.077806 0.0685577 4 1 0
0.00335654 0.077661 0.0686764 4 1 0
0.00329148 0.0775293 0.0687774 4 1 0
0.00322809 0.0774176 0.0688523 4 1 0
0.00316935 0.0773341 0.0688916 4 1 0
0.00311834 0.0772846 0.0688895 4 1 0
0.00307647 0.0772686 0.0688486 4 1 0
0.00304305 0.0772802 0.0687769 4 1 0
0.0030164 0.0773123 0.0686828 4 1 0
0.00299489 0.0773592 0.0685733 4 1 0
0.00297726 0.0774164 0.068453 4 1 0
0.00296257 0.0774813 0.0683255 4 1 0
0.00295013 0.0775511 0.0681927 4 1 0
0.00293947 0.0776247 0.0680569 4 1 0
0.0029302 0.0777004 0.0679192 4 1 0
0.00292207 0.0777773 0.0677806 4 1 0
0.00291485 0.0778546 0.0676421 4 1 0
0.00290839 0.0779317 0.0675038 4 1 0
0.00290257 0.0780083 0.0673666 4 1 0
0.00289728 0.0780837 0.0672312 4 1 0
0.00289244 0.0781574 0.0670971 4 1 0
0.00288799 0.0782295 0.0669656 4 1 0
0.00288387 0.0782991 0.0668362 4 1 0
0.00288004 0.0783664 0.0667099 4 1 0
0.00287646 0.0784309 0.066586 4 1 0
0.00287309 0.0784924 0.0664658 4 1 0
0.00286992 0.0785505 0.0663485 4 1 0
0.00286692 0.0786054 0.066235 4 1 0
0.00286407 0.0786563 0.0661256 4 1 0
0.00286134 0.0787034 0.0660194 4 1 0
0.00285874 0.0787459 0.0659179 4 1 0
0.00285624 0.0787845 0.0658209 4 1 0
0.00285383 0.0788181 0.065728 4 1 0
0.0028515 0.0788471 0.0656401 4 1 0
0.00284925 0.0788709 0.0655575 4 1 0
0.00284706 0.0788894 0.06548 4 1 0
0.00284493 0.0789021 0.0654075 4 1 0
0.00284285 0.0789092 0.0653409 4 1 0
0.00284081 0.0789107 0.0652802 4 1 0
0.00283882 0.0789057 0.0652256 4 1 0
0.00283685 0.0788943 0.0651773 4 1 0
0.00283492 0.0788769 0.0651349 4 1 0
0.00283302 0.0788526 0.0650992 4 1 0
0.00283113 0.078822 0.0650703 4 1 0
0.00282927 0.0787847 0.0650482 4 1 0
0.00282742 0.0787404 0.0650331 4 1 0
0.00282558 0.0786894 0.0650251 4 1 0
0.00282374 0.0786318 0.065024 4 1 0
0.00282191 0.0785674 0.0650298 4 1 0
0.00282008 0.0785597 0.0650424 4 1 0
0.00281825 0.0786046 0.0650622 4 1 0
0.00281641 0.0786427 0.0650889 4 1 0
0.00281456 0.078674 0.0651225 4 1 0
0.00281269 0.0786985 0.0651626 4 1 0
0.00281081 0.0787163 0.0652093 4 1 0
0.0028089 0.078728 0.0652626 4 1 0
0.00280697 0.078733 0.0653219 4 1 0
0.002805 0.0787321 0.0653875 4 1 0
0.00280299 0.0787251 0.0654587 4 1 0
0.00280094 0.078712 0.0655357 4 1 0
0.00279884 0.0786931 0.0656179 4 1 0
0.00279668 0.078669 0.0657055 4 1 0
0.00279446 0.0786392 0.0657983 4 1 0
0.00279216 0.0786047 0.0658963 4 1 0
0.00278977 0.078565 0.065999 4 1 0
0.00278729 0.0785203 0.0661061 4 1 0
0.00278471 0.0784714 0.0662174 4 1 0
0.002782 0.0784177 0.0663332 4 1 0
0.00277915 0.0783599 0.0664532 4 1 0
0.00277614 0.078298 0.0665774 4 1 0
0.00277296 0.0782321 0.066705 4 1 0
0.00276957 0.0781624 0.0668364 4 1 0
0.00276596 0.0780889 0.0669717 4 1 0
0.00276208 0.0780122 0.0671103 4 1 0
0.00275789 0.0779319 0.0672521 4 1 0
0.00275334 0.0778482 0.0673974 4 1 0
0.00274839 0.0777616 0.0675457 4 1 0
0.00274295 0.0776719 0.067697 4 1 0
0.00273693 0.0775793 0.0678514 4 1 0
0.00273024 0.0774836 0.0680085 4 1 0
0.00272271 0.0773851 0.0681682 4 1 0
0.00271419 0.0772841 0.0683307 4 1 0
0.00270443 0.0771804 0.0684957 4 1 0
0.00269312 0.0770737 0.068663 4 1 0
0.00267986 0.0769643 0.0688326 4 1 0
0.00266407 0.0768517 0.0690045 4 1 0
0.00264497 0.0767356 0.0691788 4 1 0
0.00262145 0.0766158 0.0693553 4 1 0
0.00259198 0.0764911 0.0695339 4 1 0
0.00255457 0.0763609 0.0697141 4 1 0
0.00250689 0.0762247 0.0698947 4 1 0
0.00244727 0.0760834 0.0700727 4 1 0
0.00237604 0.0759403 0.0702436 4 1 0
0.00229588 0.0757997 0.070403 4 1 0
0.00221003 0.0756648 0.0705493 4 1 0
0.0021209 0.0755381 0.0706813 4 1 0
0.00203021 0.0754239 0.0707924 4 1 0
0.00194235 0.0753383 0.0708386 4 1 0
0.00178989 0.0749837 0.0712013 4 1 0
0.00165315 0.0748669 0.0713581 4 1 0
0.0015587 0.074765 0.0714635 4 1 0
0.00146536 0.074665 0.0715669 4 1 0
0.00137201 0.0745544 0.0716802 4 1 0
0.00127854 0.0744509 0.0717773 4 1 0
0.00118573 0.0743498 0.0718771 4 1 0
0.00109319 0.0742501 0.0719758 4 1 0
0.00100089 0.0741506 0.0720739 4 1 0
0.000908838 0.0740525 0.072171 4 1 0
0.000817015 0.0739552 0.0722673 4 1 0
0.000725412 0.0738588 0.0723629 4 1 0
0.00063401 0.0737632 0.0724577 4 1 0
0.000542791 0.0736682 0.072552 4 1 0
0.000451731 0.0735738 0.0726458 4 1 0
0.000360806 0.0734799 0.0727392 4 1 0
0.000269991 0.0733864 0.0728323 4 1 0
0.000179259 0.0732933 0.0729252 4 1 0
8.85827e-05 0.0732006 0.0730177 4 1 0
-2.06618e-06 0.0731219 0.0730984 4 1 0
