0.0042 0.405807 0.00189359 4 1 0
0.00418673 0.409347 0.00184088 3 1 0
0.00421835 0.402532 0.00197211 3 1 0
0.00421942 0.402285 0.00197763 3 1 0
0.0042211 0.401928 0.00198482 3 1 0
0.00422277 0.40157 0.00199202 3 1 0
0.00422443 0.401207 0.0019991 3 1 0
0.00422609 0.40085 0.00200637 3 1 0
0.00422776 0.400493 0.00201367 3 1 0
0.00422943 0.40013 0.00202101 3 1 0
0.00423109 0.399773 0.00202837 3 1 0
0.00423276 0.399416 0.00203576 3 1 0
0.00423443 0.399056 0.00204322 3 1 0
0.0042361 0.398699 0.00205067 3 1 0
0.00423778 0.398341 0.00205815 3 1 0
0.00423945 0.397978 0.00206568 3 1 0
0.00424112 0.39762 0.00207322 3 1 0
0.0042428 0.397262 0.0020808 3 1 0
0.00424447 0.396902 0.00208842 3 1 0
0.00424615 0.396544 0.00209606 3 1 0
0.00424782 0.396185 0.00210372 3 1 0
0.0042495 0.395826 0.0021115 3 1 0
0.00425118 0.395467 0.00211922 3 1 0
0.00425285 0.395108 0.00212698 3 1 0
0.00425453 0.394746 0.00213481 3 1 0
0.00425621 0.394387 0.00214263 3 1 0
0.00425789 0.394028 0.00215048 3 1 0
0.00425957 0.393665 0.00215839 3 1 0
0.00426125 0.393306 0.0021663 3 1 0
0.00426293 0.392947 0.00217424 3 1 0
0.00426461 0.392583 0.00218222 3 1 0
0.00426629 0.392224 0.00219022 3 1 0
0.00426797 0.391865 0.00219826 3 1 0
0.00426966 0.391501 0.00220629 3 1 0
0.00427134 0.391142 0.00221439 3 1 0
0.00427302 0.390784 0.00222252 3 1 0
0.0042747 0.390422 0.00223069 3 1 0
0.00427638 0.390063 0.00223887 3 1 0
0.00427807 0.389705 0.00224709 3 1 0
0.00427975 0.389342 0.00225538 3 1 0
0.00428143 0.388983 0.00226366 3 1 0
0.00428311 0.388625 0.00227196 3 1 0
0.0042848 0.388262 0.00228032 3 1 0
0.00428648 0.387904 0.00228869 3 1 0
0.00428816 0.387546 0.00229709 3 1 0
0.00428984 0.387184 0.00230551 3 1 0
0.00429153 0.386827 0.00231397 3 1 0
0.00429321 0.386469 0.00232246 3 1 0
0.00429489 0.386105 0.00233096 3 1 0
0.00429657 0.385748 0.00233951 3 1 0
0.00429825 0.38539 0.0023481 3 1 0
0.00429993 0.385028 0.00235672 3 1 0
0.00430161 0.384671 0.00236536 3 1 0
0.00430329 0.384314 0.00237403 3 1 0
0.00430497 0.383955 0.00238274 3 1 0
0.00430665 0.383598 0.00239147 3 1 0
0.00430833 0.383241 0.00240023 3 1 0
0.00431001 0.382884 0.00240902 3 1 0
0.00431169 0.382528 0.00241784 3 1 0
0.00431337 0.382171 0.00242669 3 1 0
0.00431504 0.381807 0.00243561 3 1 0
0.00431672 0.381451 0.00244452 3 1 0
0.00431839 0.381095 0.00245347 3 1 0
0.00432007 0.38074 0.00246239 3 1 0
0.00432174 0.380384 0.00247139 3 1 0
0.00432341 0.380029 0.00248041 3 1 0
0.00432509 0.379669 0.00248947 3 1 0
0.00432676 0.379314 0.00249855 3 1 0
0.00432843 0.378959 0.00250765 3 1 0
0.0043301 0.3786 0.00251681 3 1 0
0.00433177 0.378246 0.00252597 3 1 0
0.00433343 0.377892 0.00253516 3 1 0
0.0043351 0.377533 0.0025444 3 1 0
0.00433677 0.37718 0.00255364 3 1 0
0.00433843 0.376827 0.00256291 3 1 0
0.00434009 0.376471 0.00257222 3 1 0
0.00434175 0.376118 0.00258155 3 1 0
0.00434342 0.375766 0.00259091 3 1 0
0.00434508 0.375414 0.00260029 3 1 0
0.00434673 0.375059 0.0026097 3 1 0
0.00434839 0.374705 0.00261914 3 1 0
0.00435005 0.374353 0.00262865 3 1 0
0.0043517 0.374 0.00263814 3 1 0
0.00435335 0.37365 0.00264765 3 1 0
0.004355 0.373297 0.00265722 3 1 0
0.00435665 0.372947 0.00266679 3 1 0
0.0043583 0.372598 0.00267638 3 1 0
0.00435995 0.372249 0.00268601 3 1 0
0.00436159 0.371898 0.00269566 3 1 0
0.00436323 0.371547 0.00270533 3 1 0
0.00436488 0.3712 0.00271501 3 1 0
0.00436651 0.37085 0.00272474 3 1 0
0.00436815 0.370501 0.00273449 3 1 0
0.00436979 0.370154 0.00274427 3 1 0
0.00437142 0.369805 0.00275408 3 1 0
0.00437305 0.369459 0.0027639 3 1 0
0.00437468 0.369112 0.00277376 3 1 0
0.00437631 0.368766 0.00278363 3 1 0
0.00437794 0.368421 0.00279353 3 1 0
0.00437956 0.368075 0.00280345 3 1 0
0.00438118 0.36773 0.0028134 3 1 0
0.0043828 0.367387 0.00282337 3 1 0
0.00438442 0.367042 0.00283336 3 1 0
0.00438603 0.366698 0.00284337 3 1 0
0.00438764 0.366356 0.00285341 3 1 0
0.00438925 0.366013 0.00286348 3 1 0
0.00439086 0.365672 0.00287356 3 1 0
0.00439246 0.365332 0.00288367 3 1 0
0.00439406 0.364993 0.00289376 3 1 0
0.00439566 0.364654 0.00290391 3 1 0
0.00439726 0.364315 0.00291407 3 1 0
0.00439885 0.363977 0.00292425 3 1 0
0.00440044 0.363639 0.00293445 3 1 0
0.00440203 0.363301 0.00294467 3 1 0
0.00440361 0.362964 0.00295491 3 1 0
0.00440519 0.362627 0.00296516 3 1 0
0.00440677 0.362291 0.00297544 3 1 0
0.00440835 0.361954 0.00298574 3 1 0
0.00440992 0.361618 0.00299605 3 1 0
0.00441149 0.361283 0.00300638 3 1 0
0.00441305 0.360946 0.00301677 3 1 0
0.00441461 0.360611 0.00302714 3 1 0
0.00441617 0.360278 0.00303752 3 1 0
0.00441772 0.359949 0.00304784 3 1 0
0.00441927 0.35962 0.00305824 3 1 0
0.00442082 0.35929 0.00306866 3 1 0
0.00442236 0.358963 0.00307909 3 1 0
0.0044239 0.358635 0.00308954 3 1 0
0.00442544 0.358307 0.00309999 3 1 0
0.00442697 0.357976 0.00311046 3 1 0
0.0044285 0.357651 0.00312094 3 1 0
0.00443002 0.357326 0.00313143 3 1 0
0.00443154 0.356998 0.00314193 3 1 0
0.00443305 0.356675 0.00315245 3 1 0
0.00443456 0.356353 0.00316297 3 1 0
0.00443606 0.356032 0.0031735 3 1 0
0.00443756 0.355712 0.00318403 3 1 0
0.00443906 0.355392 0.00319457 3 1 0
0.00444055 0.355075 0.00320515 3 1 0
0.00444203 0.354756 0.00321569 3 1 0
0.00444351 0.354439 0.00322624 3 1 0
0.00444499 0.354122 0.00323681 3 1 0
0.00444646 0.353806 0.00324736 3 1 0
0.00444792 0.353492 0.00325792 3 1 0
0.00444938 0.353177 0.00326846 3 1 0
0.00445083 0.352865 0.00327902 3 1 0
0.00445228 0.352554 0.00328958 3 1 0
0.00445372 0.352244 0.0033002 3 1 0
0.00445515 0.351935 0.00331075 3 1 0
0.00445658 0.351627 0.0033213 3 1 0
0.004458 0.35132 0.00333187 3 1 0
0.00445942 0.351014 0.0033424 3 1 0
0.00446083 0.35071 0.00335293 3 1 0
0.00446223 0.350404 0.00336346 3 1 0
0.00446363 0.350103 0.00337397 3 1 0
0.00446502 0.349802 0.00338447 3 1 0
0.0044664 0.349501 0.00339495 3 1 0
0.00446777 0.349204 0.00340543 3 1 0
0.00446914 0.348907 0.0034159 3 1 0
0.0044705 0.348608 0.0034264 3 1 0
0.00447185 0.348315 0.00343683 3 1 0
0.00447319 0.348023 0.00344724 3 1 0
0.00447453 0.347735 0.00345763 3 1 0
0.00447585 0.347446 0.00346801 3 1 0
0.00447717 0.347158 0.00347835 3 1 0
0.00447848 0.346867 0.00348867 3 1 0
0.00447978 0.346583 0.00349897 3 1 0
0.00448107 0.346301 0.00350924 3 1 0
0.00448236 0.346017 0.00351949 3 1 0
0.00448363 0.345738 0.0035297 3 1 0
0.00448489 0.345461 0.00353988 3 1 0
0.00448614 0.345188 0.00355 3 1 0
0.00448738 0.344914 0.0035601 3 1 0
0.00448862 0.344642 0.00357016 3 1 0
0.00448984 0.344371 0.00358021 3 1 0
0.00449105 0.344103 0.00359018 3 1 0
0.00449225 0.343837 0.0036001 3 1 0
0.00449343 0.343571 0.00360998 3 1 0
0.00449461 0.343309 0.00361981 3 1 0
0.00449577 0.34305 0.00362958 3 1 0
0.00449692 0.342789 0.0036393 3 1 0
0.00449806 0.342534 0.00364896 3 1 0
0.00449918 0.342281 0.00365856 3 1 0
0.0045003 0.342031 0.00366809 3 1 0
0.00450139 0.341784 0.00367755 3 1 0
0.00450248 0.341538 0.00368694 3 1 0
0.00450355 0.341297 0.00369627 3 1 0
0.0045046 0.341057 0.00370551 3 1 0
0.00450564 0.340819 0.00371466 3 1 0
0.00450667 0.340585 0.00372372 3 1 0
0.00450767 0.340353 0.00373271 3 1 0
0.00450867 0.340124 0.00374161 3 1 0
0.00450964 0.339898 0.00375041 3 1 0
0.0045106 0.339675 0.00375911 3 1 0
0.00451154 0.339455 0.00376771 3 1 0
0.00451247 0.339239 0.00377623 3 1 0
0.00451337 0.339025 0.00378461 3 1 0
0.00451426 0.338816 0.00379288 3 1 0
0.00451512 0.338609 0.00380104 3 1 0
0.00451597 0.338407 0.00380906 3 1 0
0.0045168 0.338208 0.00381696 3 1 0
0.00451761 0.338013 0.00382472 3 1 0
0.00451839 0.337822 0.00383235 3 1 0
0.00451915 0.337634 0.00383984 3 1 0
0.0045199 0.337451 0.0038472 3 1 0
0.00452061 0.337272 0.00385439 3 1 0
0.00452131 0.337097 0.00386142 3 1 0
0.00452198 0.336927 0.00386832 3 1 0
0.00452263 0.336761 0.00387503 3 1 0
0.00452325 0.3366 0.00388156 3 1 0
0.00452385 0.336443 0.0038879 3 1 0
0.00452442 0.336291 0.00389408 3 1 0
0.00452497 0.336144 0.00390007 3 1 0
0.00452548 0.336002 0.00390586 3 1 0
0.00452597 0.335865 0.00391146 3 1 0
0.00452644 0.335734 0.00391685 3 1 0
0.00452687 0.335607 0.00392204 3 1 0
0.00452728 0.335487 0.00392701 3 1 0
0.00452765 0.335372 0.00393177 3 1 0
0.004528 0.335261 0.00393633 3 1 0
0.00452831 0.335157 0.00394063 3 1 0
0.00452859 0.33506 0.0039447 3 1 0
0.00452885 0.334966 0.00394849 3 1 0
0.00452907 0.33488 0.00395207 3 1 0
0.00452925 0.3348 0.00395541 3 1 0
0.00452941 0.334725 0.00395851 3 1 0
0.00452953 0.334658 0.00396134 3 1 0
0.00452962 0.334597 0.00396391 3 1 0
0.00452967 0.334543 0.00396625 3 1 0
0.00452969 0.334496 0.00396828 3 1 0
0.00452968 0.334455 0.00397005 3 1 0
0.00452963 0.334425 0.00397154 3 1 0
0.00452955 0.334398 0.00397276 3 1 0
0.00452943 0.334377 0.0039737 3 1 0
0.00452928 0.334363 0.00397434 3 1 0
0.00452909 0.334356 0.00397472 3 1 0
0.00452886 0.334355 0.00397483 3 1 0
0.00452861 0.334362 0.00397463 3 1 0
0.00452831 0.334376 0.00397417 3 1 0
0.00452799 0.334396 0.00397343 3 1 0
0.00452763 0.334422 0.00397243 3 1 0
0.00452723 0.334456 0.00397114 3 1 0
0.0045268 0.334497 0.00396956 3 1 0
0.00452634 0.334544 0.0039677 3 1 0
0.00452584 0.334598 0.00396557 3 1 0
0.00452531 0.334658 0.00396318 3 1 0
0.00452474 0.334725 0.00396057 3 1 0
0.00452415 0.334798 0.00395764 3 1 0
0.00452352 0.334878 0.00395444 3 1 0
0.00452286 0.334966 0.00395094 3 1 0
0.00452217 0.335059 0.00394723 3 1 0
0.00452145 0.335158 0.00394327 3 1 0
0.0045207 0.335261 0.00393908 3 1 0
0.00451992 0.335372 0.00393464 3 1 0
0.00451911 0.335488 0.00392995 3 1 0
0.00451827 0.335613 0.00392506 3 1 0
0.00451741 0.335741 0.00391992 3 1 0
0.00451651 0.335875 0.00391455 3 1 0
0.00451559 0.336015 0.00390897 3 1 0
0.00451465 0.33616 0.00390317 3 1 0
0.00451368 0.33631 0.00389717 3 1 0
0.00451268 0.336468 0.00389097 3 1 0
0.00451166 0.336629 0.00388457 3 1 0
0.00451062 0.336794 0.00387799 3 1 0
0.00450956 0.336965 0.00387122 3 1 0
0.00450847 0.337139 0.00386427 3 1 0
0.00450736 0.33732 0.00385714 3 1 0
0.00450623 0.337507 0.00384989 3 1 0
0.00450507 0.337695 0.00384243 3 1 0
0.0045039 0.33789 0.00383481 3 1 0
0.00450271 0.338092 0.00382702 3 1 0
0.0045015 0.338294 0.0038191 3 1 0
0.00450027 0.338499 0.00381104 3 1 0
0.00449902 0.338708 0.00380286 3 1 0
0.00449903 0.338708 0.00380285 3 1 0
0.00449776 0.338922 0.00379452 3 1 0
0.00449648 0.339142 0.00378608 3 1 0
0.00449518 0.339363 0.00377749 3 1 0
0.00449387 0.339588 0.00376878 3 1 0
0.00449254 0.339819 0.00376006 3 1 0
0.00449119 0.34005 0.00375112 3 1 0
0.00448983 0.340285 0.00374206 3 1 0
0.00448846 0.340528 0.00373297 3 1 0
0.00448707 0.340769 0.00372371 3 1 0
0.00448567 0.341013 0.00371436 3 1 0
0.00448426 0.341267 0.0037048 3 1 0
0.00448283 0.341518 0.00369528 3 1 0
0.0044814 0.341771 0.00368567 3 1 0
0.00447995 0.34203 0.00367598 3 1 0
0.00447848 0.34229 0.00366622 3 1 0
0.00447701 0.342551 0.00365638 3 1 0
0.00447553 0.342818 0.00364647 3 1 0
0.00447403 0.343086 0.00363649 3 1 0
0.00447253 0.343355 0.00362645 3 1 0
0.00447102 0.343626 0.00361635 3 1 0
0.00446949 0.343902 0.00360619 3 1 0
0.00446796 0.34418 0.00359597 3 1 0
0.00446642 0.34446 0.0035857 3 1 0
0.00446487 0.344742 0.00357538 3 1 0
0.00446331 0.345026 0.00356501 3 1 0
0.00446174 0.345307 0.00355458 3 1 0
0.00446016 0.345596 0.00354412 3 1 0
0.00445858 0.345887 0.00353362 3 1 0
0.00445699 0.346178 0.00352308 3 1 0
0.00445539 0.34647 0.0035125 3 1 0
0.00445378 0.346765 0.00350189 3 1 0
0.00445217 0.347063 0.00349129 3 1 0
0.00445055 0.347364 0.00348062 3 1 0
0.00444892 0.347667 0.00346991 3 1 0
0.00444729 0.347969 0.00345911 3 1 0
0.00444565 0.348275 0.00344835 3 1 0
0.00444401 0.348582 0.00343757 3 1 0
0.00444236 0.348886 0.00342673 3 1 0
0.0044407 0.349197 0.0034159 3 1 0
0.00443904 0.349509 0.00340505 3 1 0
0.00443737 0.349821 0.00339411 3 1 0
0.0044357 0.350136 0.00338322 3 1 0
0.00443402 0.350453 0.00337232 3 1 0
0.00443234 0.350769 0.0033614 3 1 0
0.00443065 0.351088 0.00335048 3 1 0
0.00442896 0.351408 0.00333954 3 1 0
0.00442726 0.351728 0.0033286 3 1 0
0.00442556 0.352051 0.00331764 3 1 0
0.00442386 0.352376 0.00330668 3 1 0
0.00442215 0.352696 0.00329569 3 1 0
0.00442043 0.353024 0.00328472 3 1 0
0.00441872 0.353352 0.00327374 3 1 0
0.004417 0.353679 0.00326272 3 1 0
0.00441527 0.35401 0.00325174 3 1 0
0.00441354 0.354342 0.00324075 3 1 0
0.00441181 0.354672 0.00322976 3 1 0
0.00441008 0.355007 0.00321877 3 1 0
0.00440834 0.355342 0.00320779 3 1 0
0.0044066 0.355675 0.00319681 3 1 0
0.00440485 0.356013 0.00318583 3 1 0
0.00440311 0.356351 0.00317486 3 1 0
0.00440135 0.356683 0.00316389 3 1 0
0.0043996 0.357025 0.00315292 3 1 0
0.00439785 0.357367 0.00314197 3 1 0
0.00439609 0.35771 0.00313102 3 1 0
0.00439433 0.358054 0.00312008 3 1 0
0.00439256 0.358398 0.00310915 3 1 0
0.0043908 0.358744 0.00309827 3 1 0
0.00438903 0.359089 0.00308736 3 1 0
0.00438726 0.359435 0.00307645 3 1 0
0.00438548 0.35978 0.00306574 3 1 0
0.00438371 0.360126 0.00305485 3 1 0
0.00438193 0.360473 0.00304397 3 1 0
0.00438015 0.360821 0.00303306 3 1 0
0.00437837 0.361173 0.00302221 3 1 0
0.00437659 0.361526 0.00301138 3 1 0
0.0043748 0.361877 0.00300061 3 1 0
0.00437302 0.362228 0.00298981 3 1 0
0.00437123 0.36258 0.00297902 3 1 0
0.00436944 0.362936 0.00296824 3 1 0
0.00436765 0.363289 0.00295749 3 1 0
0.00436585 0.363647 0.00294676 3 1 0
0.00436406 0.364003 0.00293604 3 1 0
0.00436226 0.364362 0.00292535 3 1 0
0.00436047 0.364722 0.00291468 3 1 0
0.00435867 0.365076 0.00290407 3 1 0
0.00435687 0.365437 0.00289344 3 1 0
0.00435507 0.365799 0.00288282 3 1 0
0.00435327 0.366157 0.00287223 3 1 0
0.00435146 0.36652 0.00286166 3 1 0
0.00434966 0.366883 0.0028511 3 1 0
0.00434786 0.367246 0.00284056 3 1 0
0.00434605 0.367607 0.00283005 3 1 0
0.00434424 0.367969 0.00281957 3 1 0
0.00434244 0.368334 0.00280913 3 1 0
0.00434063 0.368698 0.00279868 3 1 0
0.00433882 0.369065 0.00278827 3 1 0
0.00433701 0.369429 0.00277792 3 1 0
0.0043352 0.369798 0.00276755 3 1 0
0.00433339 0.370167 0.0027572 3 1 0
0.00433158 0.370533 0.00274689 3 1 0
0.00432976 0.370903 0.00273658 3 1 0
0.00432795 0.371273 0.00272631 3 1 0
0.00432614 0.371638 0.00271608 3 1 0
0.00432432 0.372009 0.00270586 3 1 0
0.00432251 0.372382 0.00269566 3 1 0
0.0043207 0.372754 0.00268545 3 1 0
0.00431888 0.373124 0.00267531 3 1 0
0.00431707 0.373494 0.00266519 3 1 0
0.00431525 0.373869 0.0026551 3 1 0
0.00431344 0.37424 0.00264504 3 1 0
0.00431162 0.374611 0.002635 3 1 0
0.00430981 0.374987 0.00262499 3 1 0
0.00430799 0.37536 0.002615 3 1 0
0.00430618 0.375734 0.00260505 3 1 0
0.00430436 0.376113 0.00259512 3 1 0
0.00430255 0.376487 0.00258522 3 1 0
0.00430073 0.37686 0.00257535 3 1 0
0.00429892 0.377237 0.0025656 3 1 0
0.0042971 0.377614 0.00255577 3 1 0
0.00429529 0.377993 0.00254597 3 1 0
0.00429347 0.378377 0.00253613 3 1 0
0.00429166 0.378754 0.0025264 3 1 0
0.00428984 0.379131 0.0025167 3 1 0
0.00428803 0.379508 0.00250704 3 1 0
0.00428622 0.379886 0.00249739 3 1 0
0.0042844 0.380263 0.00248777 3 1 0
0.00428259 0.380644 0.00247821 3 1 0
0.00428078 0.381022 0.00246865 3 1 0
0.00427897 0.3814 0.00245912 3 1 0
0.00427716 0.381787 0.0024498 3 1 0
0.00427535 0.382169 0.00244034 3 1 0
0.00427354 0.382551 0.00243092 3 1 0
0.00427173 0.382934 0.00242148 3 1 0
0.00426992 0.383316 0.00241209 3 1 0
0.00426811 0.383698 0.00240273 3 1 0
0.00426631 0.384078 0.00239328 3 1 0
0.0042645 0.384462 0.00238398 3 1 0
0.0042627 0.384845 0.00237472 3 1 0
0.00426089 0.385227 0.00236545 3 1 0
0.00425909 0.385612 0.00235625 3 1 0
0.00425729 0.385996 0.00234708 3 1 0
0.00425549 0.386379 0.00233794 3 1 0
0.00425369 0.386764 0.00232884 3 1 0
0.00425189 0.387148 0.00231976 3 1 0
0.00425009 0.387533 0.00231072 3 1 0
0.00424829 0.387918 0.00230171 3 1 0
0.00424649 0.388303 0.00229273 3 1 0
0.0042447 0.388688 0.00228378 3 1 0
0.00424291 0.389072 0.00227486 3 1 0
0.00424111 0.389457 0.00226597 3 1 0
0.00423932 0.389844 0.00225712 3 1 0
0.00423753 0.390229 0.0022483 3 1 0
0.00423574 0.390614 0.0022395 3 1 0
0.00423396 0.391001 0.00223074 3 1 0
0.00423217 0.391386 0.00222202 3 1 0
0.00423039 0.391771 0.00221332 3 1 0
0.0042286 0.392158 0.00220465 3 1 0
0.00422682 0.392543 0.00219602 3 1 0
0.00422504 0.392928 0.00218742 3 1 0
0.00422326 0.393315 0.00217885 3 1 0
0.00422149 0.3937 0.00217032 3 1 0
0.00421971 0.394088 0.00216181 3 1 0
0.00421794 0.394475 0.00215334 3 1 0
0.00421617 0.394864 0.0021449 3 1 0
0.0042144 0.395253 0.00213649 3 1 0
0.00421263 0.395638 0.00212812 3 1 0
0.00421086 0.396028 0.00211977 3 1 0
0.0042091 0.396417 0.00211146 3 1 0
0.00420734 0.396802 0.00210319 3 1 0
0.00420557 0.397191 0.00209494 3 1 0
0.00420382 0.39758 0.00208673 3 1 0
0.00420206 0.397969 0.00207855 3 1 0
0.00420031 0.398358 0.00207041 3 1 0
0.00419855 0.398746 0.0020623 3 1 0
0.0041968 0.399131 0.00205421 3 1 0
0.00419506 0.39952 0.00204616 3 1 0
0.00419331 0.399908 0.00203815 3 1 0
0.00419157 0.400295 0.00203016 3 1 0
0.00418983 0.400683 0.00202221 3 1 0
0.00418809 0.401071 0.00201429 3 1 0
0.00418635 0.401456 0.00200646 3 1 0
0.00418462 0.401844 0.0019986 3 1 0
0.00418289 0.402232 0.00199078 3 1 0
0.00418116 0.402616 0.00198301 3 1 0
0.00417943 0.403004 0.00197525 3 1 0
0.00417771 0.403392 0.00196753 3 1 0
0.00417599 0.403777 0.00195982 3 1 0
0.00417427 0.404164 0.00195217 3 1 0
0.00417256 0.404551 0.00194455 3 1 0
0.00417084 0.404934 0.00193696 3 1 0
0.00416913 0.405321 0.00192941 3 1 0
0.00416743 0.405708 0.00192189 3 1 0
0.00416572 0.406089 0.00191441 3 1 0
0.00416402 0.406476 0.00190696 3 1 0
0.00416233 0.406862 0.00189955 3 1 0
0.00416063 0.407249 0.00189219 3 1 0
0.00415894 0.407634 0.00188484 3 1 0
0.00415725 0.408019 0.00187752 3 1 0
0.00415557 0.408402 0.00187037 3 1 0
0.00415389 0.408785 0.00186311 3 1 0
0.00415221 0.409168 0.00185589 3 1 0
0.00415053 0.409552 0.00184864 3 1 0
0.00414886 0.409933 0.00184149 3 1 0
0.0041472 0.410315 0.00183438 3 1 0
0.00414553 0.410697 0.00182736 3 1 0
0.00414387 0.411077 0.00182031 3 1 0
0.00414222 0.411457 0.0018133 3 1 0
0.00414056 0.41184 0.00180648 3 1 0
0.00413891 0.412219 0.00179955 3 1 0
0.00413727 0.412597 0.00179264 3 1 0
0.00413563 0.412977 0.00178573 3 1 0
0.00413399 0.413355 0.00177889 3 1 0
0.00413236 0.413734 0.00177208 3 1 0
0.00413073 0.414113 0.00176538 3 1 0
0.00412911 0.414493 0.00175864 3 1 0
0.00412749 0.414872 0.00175194 3 1 0
0.00412587 0.415244 0.00174518 3 1 0
0.00412426 0.415622 0.00173855 3 1 0
0.00412265 0.416 0.00173196 3 1 0
0.00412105 0.416371 0.00172536 3 1 0
0.00411946 0.416746 0.00171884 3 1 0
0.00411786 0.417122 0.00171235 3 1 0
0.00411628 0.417494 0.0017059 3 1 0
0.00411469 0.417865 0.00169949 3 1 0
0.00411312 0.418239 0.00169311 3 1 0
0.00411154 0.418611 0.00168678 3 1 0
0.00410998 0.418983 0.00168047 3 1 0
0.00410841 0.419355 0.00167421 3 1 0
0.00410686 0.419723 0.00166801 3 1 0
0.0041053 0.420093 0.00166181 3 1 0
0.00410376 0.420462 0.00165565 3 1 0
0.00410222 0.420826 0.00164952 3 1 0
0.00410068 0.421193 0.00164343 3 1 0
0.00409915 0.42156 0.00163738 3 1 0
0.00409763 0.42192 0.00163137 3 1 0
0.00409611 0.422285 0.0016254 3 1 0
0.0040946 0.422649 0.00161946 3 1 0
0.0040931 0.423006 0.00161357 3 1 0
0.0040916 0.423368 0.0016077 3 1 0
0.00409011 0.423729 0.00160188 3 1 0
0.00408862 0.424086 0.00159612 3 1 0
0.00408714 0.424445 0.00159037 3 1 0
0.00408567 0.424803 0.00158465 3 1 0
0.0040842 0.425154 0.00157899 3 1 0
0.00408274 0.42551 0.00157335 3 1 0
0.00408129 0.425864 0.00156775 3 1 0
0.00407984 0.426213 0.00156218 3 1 0
0.00407841 0.426562 0.00155666 3 1 0
0.00407697 0.426909 0.00155118 3 1 0
0.00407555 0.427259 0.00154574 3 1 0
0.00407414 0.427605 0.00154034 3 1 0
0.00407273 0.427952 0.00153497 3 1 0
0.00407133 0.428296 0.00152966 3 1 0
0.00406993 0.428637 0.00152438 3 1 0
0.00406855 0.428979 0.00151913 3 1 0
0.00406717 0.429323 0.00151406 3 1 0
0.0040658 0.42966 0.00150889 3 1 0
0.00406444 0.429995 0.00150376 3 1 0
0.00406309 0.430339 0.00149862 3 1 0
0.00406175 0.430671 0.00149357 3 1 0
0.00406042 0.431002 0.00148857 3 1 0
0.00405909 0.431333 0.00148366 3 1 0
0.00405778 0.431661 0.00147874 3 1 0
0.00405647 0.431987 0.00147386 3 1 0
0.00405517 0.432319 0.00146895 3 1 0
0.00405389 0.432642 0.00146416 3 1 0
0.00405261 0.432963 0.00145941 3 1 0
0.00405134 0.433286 0.00145472 3 1 0
0.00405008 0.433604 0.00145006 3 1 0
0.00404884 0.43392 0.00144543 3 1 0
0.0040476 0.434234 0.00144086 3 1 0
0.00404637 0.434546 0.00143633 3 1 0
0.00404516 0.434856 0.00143184 3 1 0
0.00404395 0.435164 0.00142737 3 1 0
0.00404276 0.43547 0.00142297 3 1 0
0.00404157 0.435773 0.00141862 3 1 0
0.0040404 0.436074 0.00141431 4 1 0
0.00403924 0.436373 0.00141005 3 1 0
0.00403809 0.436669 0.00140584 4 1 0
0.00403696 0.43696 0.00140168 3 1 0
0.00403583 0.437252 0.00139756 4 1 0
0.00403472 0.437542 0.00139348 3 1 0
0.00403362 0.437828 0.00138947 4 1 0
0.00403254 0.438113 0.00138548 3 1 0
0.00403147 0.438394 0.00138156 4 1 0
0.00403041 0.438669 0.00137766 3 1 0
0.00402937 0.438943 0.00137385 3 1 0
0.00402833 0.439218 0.00137006 3 1 0
0.00402731 0.439488 0.00136633 4 1 0
0.00402631 0.439756 0.00136264 3 1 0
0.00402532 0.440021 0.00135901 4 1 0
0.00402434 0.440283 0.00135545 3 1 0
0.00402338 0.440539 0.00135194 4 1 0
0.00402243 0.440795 0.00134845 3 1 0
0.00402151 0.441044 0.00134505 4 1 0
0.00402059 0.441294 0.00134166 3 1 0
0.00401968 0.441539 0.00133833 4 1 0
0.00401879 0.441782 0.00133504 3 1 0
0.00401792 0.442021 0.00133183 4 1 0
0.00401706 0.442257 0.00132864 3 1 0
0.00401876 0.44179 0.00133496 3 1 0
0.00401789 0.44203 0.00133172 3 1 0
0.00401703 0.442266 0.00132854 3 1 0
0.00401619 0.442499 0.00132542 3 1 0
0.00401536 0.442728 0.00132235 3 1 0
0.00401455 0.442953 0.00131933 3 1 0
0.00401375 0.443175 0.00131645 3 1 0
0.00401298 0.443393 0.00131354 3 1 0
0.00401222 0.443607 0.00131068 3 1 0
0.00401147 0.443819 0.00130779 3 1 0
0.00401075 0.444025 0.00130504 3 1 0
0.00401004 0.444228 0.00130236 3 1 0
0.00400935 0.444426 0.00129986 3 1 0
0.00400867 0.44462 0.00129729 3 1 0
0.00400802 0.444811 0.00129477 3 1 0
0.00400738 0.444999 0.00129231 3 1 0
0.00400676 0.445182 0.00128991 3 1 0
0.00400616 0.44536 0.00128756 3 1 0
0.00400558 0.445534 0.00128522 3 1 0
0.00400502 0.445703 0.001283 3 1 0
0.00400447 0.445868 0.00128083 3 1 0
0.00400395 0.446033 0.00127863 3 1 0
0.00400344 0.44619 0.00127658 3 1 0
0.00400296 0.446342 0.00127459 3 1 0
0.00400249 0.446492 0.00127266 3 1 0
0.00400205 0.446635 0.00127079 3 1 0
0.00400162 0.446773 0.00126898 3 1 0
0.00400121 0.446902 0.00126726 3 1 0
0.00400083 0.447032 0.00126557 3 1 0
0.00400046 0.447156 0.00126395 3 1 0
0.00400012 0.447283 0.00126235 3 1 0
0.00399979 0.447399 0.00126085 3 1 0
0.00399949 0.447509 0.00125941 3 1 0
0.0039992 0.447616 0.00125805 3 1 0
0.00399894 0.447717 0.00125673 3 1 0
0.0039987 0.447813 0.00125548 3 1 0
0.00399848 0.4479 0.00125438 3 1 0
0.00399828 0.447986 0.00125326 3 1 0
0.0039981 0.448068 0.00125219 3 1 0
0.00399794 0.448147 0.00125112 3 1 0
0.0039978 0.448218 0.00125018 3 1 0
0.00399769 0.448284 0.0012493 3 1 0
0.00399759 0.448349 0.00124847 3 1 0
0.00399752 0.448405 0.00124772 3 1 0
0.00399747 0.448457 0.00124704 3 1 0
0.00399743 0.448502 0.00124654 3 1 0
0.00399742 0.448544 0.00124598 3 1 0
0.00399743 0.44858 0.00124548 3 1 0
0.00399746 0.448607 0.00124502 3 1 0
0.00399752 0.448633 0.00124465 3 1 0
0.00399759 0.448655 0.00124434 3 1 0
0.00399768 0.448667 0.00124408 3 1 0
0.0039978 0.448679 0.00124389 3 1 0
0.00399793 0.448686 0.00124377 3 1 0
0.00399809 0.448688 0.00124377 3 1 0
0.00399826 0.448685 0.00124377 3 1 0
0.00399846 0.448677 0.00124383 3 1 0
0.00399868 0.448669 0.0012439 3 1 0
0.00399892 0.44865 0.00124408 3 1 0
0.00399917 0.448627 0.00124433 3 1 0
0.00399945 0.448603 0.00124457 3 1 0
0.00399975 0.44857 0.00124494 3 1 0
0.00400006 0.448533 0.00124536 3 1 0
0.0040004 0.44849 0.00124583 3 1 0
0.00400076 0.448443 0.00124637 3 1 0
0.00400113 0.448391 0.00124698 3 1 0
0.00400153 0.448338 0.00124764 3 1 0
0.00400194 0.448277 0.00124836 3 1 0
0.00400237 0.448211 0.00124914 3 1 0
0.00400282 0.448141 0.00124992 3 1 0
0.00400329 0.448067 0.00125081 3 1 0
0.00400378 0.447988 0.00125176 3 1 0
0.00400429 0.4479 0.00125277 3 1 0
0.00400481 0.447813 0.00125383 3 1 0
0.00400535 0.447721 0.00125494 3 1 0
0.00400591 0.447616 0.00125608 3 1 0
0.00400649 0.447516 0.00125731 3 1 0
0.00400709 0.447412 0.00125859 3 1 0
0.0040077 0.447305 0.0012599 3 1 0
0.00400832 0.447192 0.00126129 3 1 0
0.00400897 0.447076 0.00126274 3 1 0
0.00400963 0.446954 0.00126422 3 1 0
0.00401031 0.446829 0.00126577 3 1 0
0.004011 0.4467 0.00126737 3 1 0
0.00401171 0.446563 0.00126909 3 1 0
0.00401244 0.446425 0.00127078 3 1 0
0.00401318 0.446283 0.00127252 3 1 0
0.00401394 0.446139 0.00127429 3 1 0
0.00401471 0.445992 0.00127613 3 1 0
0.00401549 0.445841 0.00127802 3 1 0
0.00401629 0.445684 0.00127993 3 1 0
0.00401711 0.445525 0.00128193 3 1 0
0.00401794 0.445363 0.00128397 3 1 0
0.00401878 0.445196 0.00128611 3 1 0
0.00401964 0.445028 0.00128825 3 1 0
0.00402051 0.444855 0.00129044 3 1 0
0.0040214 0.444681 0.00129266 3 1 0
0.0040223 0.444502 0.00129494 3 1 0
0.00402321 0.44432 0.00129727 3 1 0
0.00402414 0.444133 0.00129977 3 1 0
0.00402507 0.443944 0.00130221 3 1 0
0.00402603 0.443752 0.00130468 3 1 0
0.00402699 0.443559 0.00130716 3 1 0
0.00402796 0.443361 0.00130972 3 1 0
0.00402895 0.44316 0.00131231 3 1 0
0.00402995 0.442956 0.00131495 3 1 0
0.00403096 0.442749 0.00131764 3 1 0
0.00403199 0.442539 0.00132037 3 1 0
0.00403302 0.442326 0.00132317 3 1 0
0.00403407 0.44211 0.00132598 3 1 0
0.00403512 0.441892 0.00132884 3 1 0
0.00403619 0.44167 0.00133183 3 1 0
0.00403727 0.441446 0.00133478 3 1 0
0.00403836 0.441219 0.00133777 3 1 0
0.00403946 0.440989 0.00134081 3 1 0
0.00404057 0.440757 0.00134389 3 1 0
0.00404169 0.440522 0.001347 3 1 0
0.00404282 0.440278 0.00135014 3 1 0
0.00404396 0.440038 0.00135333 3 1 0
0.00404511 0.439798 0.00135657 3 1 0
0.00404627 0.439556 0.00135983 3 1 0
0.00404743 0.439309 0.00136315 3 1 0
0.00404861 0.439059 0.0013665 3 1 0
0.0040498 0.438809 0.00136996 3 1 0
0.00405099 0.438557 0.00137339 3 1 0
0.0040522 0.438304 0.00137685 3 1 0
0.00405341 0.43805 0.00138038 3 1 0
0.00405463 0.437793 0.00138393 3 1 0
0.00405586 0.437533 0.00138751 3 1 0
0.0040571 0.437274 0.00139112 3 1 0
0.00405835 0.43701 0.00139478 3 1 0
0.0040596 0.436744 0.00139848 3 1 0
0.00406087 0.436476 0.00140224 3 1 0
0.00406214 0.436206 0.00140601 3 1 0
0.00406341 0.435933 0.00140982 3 1 0
0.0040647 0.435659 0.00141371 3 1 0
0.00406599 0.435383 0.00141759 3 1 0
0.00406729 0.435106 0.0014215 3 1 0
0.0040686 0.434826 0.00142547 3 1 0
0.00406992 0.434545 0.00142946 3 1 0
0.00407124 0.434262 0.00143349 3 1 0
0.00407257 0.433978 0.00143754 3 1 0
0.0040739 0.433692 0.00144164 3 1 0
0.00407524 0.433404 0.00144577 3 1 0
0.00407659 0.433115 0.00144995 3 1 0
0.00407795 0.432824 0.00145416 3 1 0
0.00407931 0.432532 0.0014584 3 1 0
0.00408068 0.432239 0.00146271 3 1 0
0.00408205 0.431944 0.00146702 3 1 0
0.00408343 0.431647 0.00147136 3 1 0
0.00408482 0.431349 0.00147576 3 1 0
0.00408621 0.431049 0.00148018 3 1 0
0.00408761 0.430748 0.00148462 3 1 0
0.00408901 0.430444 0.0014891 3 1 0
0.00409042 0.430139 0.00149362 3 1 0
0.00409183 0.429834 0.00149817 3 1 0
0.00409325 0.429533 0.00150274 3 1 0
0.00409468 0.429226 0.00150736 3 1 0
0.00409611 0.428917 0.00151201 3 1 0
0.00409755 0.428607 0.00151673 3 1 0
0.00409899 0.428296 0.00152145 3 1 0
0.00410043 0.427984 0.00152621 3 1 0
0.00410188 0.427671 0.001531 3 1 0
0.00410334 0.427357 0.00153582 3 1 0
0.0041048 0.427041 0.00154067 3 1 0
0.00410627 0.426725 0.00154555 3 1 0
0.00410774 0.426406 0.00155047 3 1 0
0.00410921 0.426087 0.00155543 3 1 0
0.00411069 0.42577 0.00156041 3 1 0
0.00411217 0.425449 0.00156543 3 1 0
0.00411366 0.425126 0.00157048 3 1 0
0.00411515 0.424804 0.00157559 3 1 0
0.00411665 0.42448 0.00158071 3 1 0
0.00411815 0.424155 0.00158586 3 1 0
0.00411966 0.42383 0.00159105 3 1 0
0.00412117 0.423503 0.00159627 3 1 0
0.00412268 0.423175 0.00160151 3 1 0
0.0041242 0.422843 0.00160679 3 1 0
0.00412572 0.422512 0.0016121 3 1 0
0.00412724 0.422181 0.00161745 3 1 0
0.00412877 0.421861 0.00162283 3 1 0
0.0041303 0.421528 0.00162824 3 1 0
0.00413184 0.421195 0.00163368 3 1 0
0.00413338 0.420862 0.00163916 3 1 0
0.00413492 0.420527 0.00164466 3 1 0
0.00413647 0.420192 0.0016502 3 1 0
0.00413801 0.419861 0.00165577 3 1 0
0.00413957 0.419524 0.00166138 3 1 0
0.00414112 0.419186 0.00166701 3 1 0
0.00414268 0.418849 0.00167267 3 1 0
0.00414425 0.41851 0.00167837 3 1 0
0.00414581 0.41817 0.0016841 3 1 0
0.00414738 0.417835 0.00168988 3 1 0
0.00414895 0.417494 0.00169568 3 1 0
0.00415053 0.417153 0.00170151 3 1 0
0.0041521 0.416815 0.00170739 3 1 0
0.00415368 0.416472 0.00171328 3 1 0
0.00415527 0.416129 0.00171921 3 1 0
0.00415685 0.415787 0.00172511 3 1 0
0.00415844 0.415443 0.0017311 3 1 0
0.00416003 0.415098 0.00173712 3 1 0
0.00416163 0.414752 0.00174315 3 1 0
0.00416322 0.414406 0.00174923 3 1 0
0.00416482 0.414059 0.00175535 3 1 0
0.00416642 0.413712 0.00176147 3 1 0
0.00416803 0.413363 0.00176764 3 1 0
0.00416964 0.413015 0.00177385 3 1 0
0.00417124 0.412669 0.00178008 3 1 0
0.00417286 0.412323 0.00178634 3 1 0
0.00417447 0.411976 0.00179264 3 1 0
0.00417608 0.411628 0.00179897 3 1 0
0.0041777 0.41128 0.00180533 3 1 0
0.00417932 0.410931 0.00181172 3 1 0
0.00418094 0.410576 0.00181814 3 1 0
0.00418257 0.410227 0.00182459 3 1 0
0.00418419 0.409877 0.00183107 3 1 0
0.00418582 0.409529 0.00183759 3 1 0
0.00418745 0.409177 0.00184413 3 1 0
0.00418908 0.408826 0.00185071 3 1 0
0.00419072 0.40847 0.00185732 3 1 0
0.00419235 0.408118 0.00186396 3 1 0
0.00419399 0.407766 0.00187063 3 1 0
0.00419563 0.407409 0.00187733 3 1 0
0.00419727 0.407057 0.00188406 3 1 0
0.00419891 0.406704 0.00189083 3 1 0
0.00420056 0.406346 0.00189762 3 1 0
0.0042022 0.405993 0.00190444 3 1 0
0.00420385 0.405639 0.0019113 3 1 0
0.0042055 0.40528 0.0019182 3 1 0
0.00420715 0.404926 0.00192513 3 1 0
0.0042088 0.404571 0.00193208 3 1 0
0.00421046 0.404213 0.00193905 3 1 0
0.00421211 0.403858 0.00194606 3 1 0
0.00421377 0.403502 0.00195311 3 1 0
0.00421542 0.403143 0.00196017 3 1 0
0.00421708 0.402788 0.00196727 3 1 0
0.00421874 0.402432 0.00197441 3 1 0
0.0042204 0.402071 0.00198158 3 1 0
0.00422206 0.401715 0.00198878 3 1 0
0.00422373 0.401359 0.001996 3 1 0
0.00422539 0.400999 0.00200327 3 1 0
0.00422706 0.400642 0.00201055 3 1 0
0.00422872 0.400285 0.00201787 3 1 0
0.00423039 0.399929 0.00202525 3 1 0
0.00423206 0.399571 0.00203263 3 1 0
0.00423373 0.399213 0.00204004 3 1 0
0.0042354 0.398852 0.00204749 3 1 0
0.00423707 0.398494 0.00205496 3 1 0
0.00423874 0.398136 0.00206247 3 1 0
0.00424042 0.397777 0.00207004 3 1 0
0.00424209 0.397418 0.0020776 3 1 0
0.00424376 0.397059 0.0020852 3 1 0
0.00424544 0.396697 0.00209281 3 1 0
0.00424711 0.396339 0.00210047 3 1 0
0.00424879 0.39598 0.00210816 3 1 0
0.00425047 0.395619 0.00211589 3 1 0
0.00425215 0.39526 0.00212364 3 1 0
0.00425382 0.3949 0.00213142 3 1 0
0.0042555 0.39454 0.00213926 3 1 0
0.00425718 0.394181 0.0021471 3 1 0
0.00425886 0.393821 0.00215497 3 1 0
0.00426054 0.393456 0.00216287 3 1 0
0.00426222 0.393097 0.0021708 3 1 0
0.0042639 0.392738 0.00217877 3 1 0
0.00426558 0.392377 0.00218678 3 1 0
0.00426726 0.392018 0.0021948 3 1 0
0.00426895 0.391659 0.00220285 3 1 0
0.00427063 0.391294 0.00221093 3 1 0
0.00427231 0.390935 0.00221905 3 1 0
0.00427399 0.390577 0.0022272 3 1 0
0.00427567 0.390216 0.00223537 3 1 0
0.00427736 0.389854 0.00224359 3 1 0
0.00427904 0.389493 0.00225183 3 1 0
0.00428072 0.38914 0.00226014 3 1 0
0.0042824 0.388779 0.00226845 3 1 0
0.00428409 0.388419 0.00227679 3 1 0
0.00428577 0.388063 0.0022851 3 1 0
0.00428745 0.387703 0.0022935 3 1 0
0.00428914 0.387343 0.00230193 3 1 0
0.00429082 0.386984 0.00231036 3 1 0
0.0042925 0.386625 0.00231884 3 1 0
0.00429418 0.386266 0.00232736 3 1 0
0.00429586 0.385907 0.0023359 3 1 0
0.00429754 0.385548 0.00234447 3 1 0
0.00429923 0.385189 0.00235307 3 1 0
0.00430091 0.38483 0.0023617 3 1 0
0.00430259 0.384471 0.00237037 3 1 0
0.00430427 0.384112 0.00237906 3 1 0
0.00430595 0.383755 0.00238778 3 1 0
0.00430762 0.383397 0.00239652 3 1 0
0.0043093 0.383039 0.0024053 3 1 0
0.00431098 0.382681 0.00241413 3 1 0
0.00431266 0.382323 0.00242296 3 1 0
0.00431434 0.381965 0.00243183 3 1 0
0.00431601 0.381608 0.00244073 3 1 0
0.00431769 0.38125 0.00244965 3 1 0
0.00431936 0.380893 0.0024586 3 1 0
0.00432104 0.380537 0.00246759 3 1 0
0.00432271 0.38018 0.0024766 3 1 0
0.00432438 0.379823 0.00248564 3 1 0
0.00432605 0.379468 0.0024947 3 1 0
0.00432772 0.379112 0.00250379 3 1 0
0.00432939 0.378756 0.00251292 3 1 0
0.00433106 0.378402 0.00252208 3 1 0
0.00433273 0.378046 0.00253126 3 1 0
0.0043344 0.377691 0.00254047 3 1 0
0.00433606 0.377337 0.00254971 3 1 0
0.00433773 0.376982 0.00255897 3 1 0
0.00433939 0.376628 0.00256827 3 1 0
0.00434105 0.376274 0.0025776 3 1 0
0.00434272 0.375921 0.00258695 3 1 0
0.00434438 0.375567 0.00259632 3 1 0
0.00434603 0.375214 0.00260573 3 1 0
0.00434769 0.374861 0.00261515 3 1 0
0.00434935 0.374508 0.00262461 3 1 0
0.004351 0.374157 0.00263409 3 1 0
0.00435266 0.373805 0.0026436 3 1 0
0.00435431 0.373453 0.00265314 3 1 0
0.00435596 0.373101 0.00266271 3 1 0
0.00435761 0.372749 0.0026723 3 1 0
0.00435925 0.372398 0.00268192 3 1 0
0.0043609 0.372046 0.00269157 3 1 0
0.00436254 0.371695 0.00270124 3 1 0
0.00436418 0.371344 0.00271093 3 1 0
0.00436582 0.371 0.00272064 3 1 0
0.00436746 0.370653 0.00273038 3 1 0
0.0043691 0.370305 0.00274015 3 1 0
0.00437073 0.369953 0.00274994 3 1 0
0.00437237 0.369607 0.00275976 3 1 0
0.004374 0.369261 0.0027696 3 1 0
0.00437562 0.368912 0.00277947 3 1 0
0.00437725 0.368565 0.00278936 3 1 0
0.00437888 0.36822 0.00279927 3 1 0
0.0043805 0.367877 0.00280922 3 1 0
0.00438212 0.367533 0.00281918 3 1 0
0.00438373 0.367191 0.00282917 3 1 0
0.00438535 0.366846 0.00283928 3 1 0
0.00438696 0.366504 0.00284931 3 1 0
0.00438857 0.366162 0.00285938 3 1 0
0.00439018 0.36582 0.00286935 3 1 0
0.00439179 0.365479 0.00287945 3 1 0
0.00439339 0.365139 0.00288957 3 1 0
0.00439499 0.364797 0.00289971 3 1 0
0.00439658 0.364458 0.00290987 3 1 0
0.00439818 0.36412 0.00292005 3 1 0
0.00439977 0.363779 0.00293018 3 1 0
0.00440136 0.363442 0.0029404 3 1 0
0.00440294 0.363105 0.00295063 3 1 0
0.00440453 0.362768 0.00296086 3 1 0
0.00440611 0.362432 0.00297113 3 1 0
0.00440768 0.362097 0.00298142 3 1 0
0.00440926 0.361761 0.00299172 3 1 0
0.00441082 0.361427 0.00300205 3 1 0
0.00441239 0.361093 0.00301239 3 1 0
0.00441395 0.36076 0.00302279 3 1 0
0.00441551 0.360427 0.00303317 3 1 0
0.00441707 0.360095 0.00304357 3 1 0
0.00441862 0.359764 0.00305402 3 1 0
0.00442017 0.359434 0.00306445 3 1 0
0.00442171 0.359104 0.00307489 3 1 0
0.00442325 0.358774 0.00308514 3 1 0
0.00442479 0.358446 0.0030956 3 1 0
0.00442632 0.358118 0.00310607 3 1 0
0.00442785 0.357791 0.00311652 3 1 0
0.00442938 0.357464 0.00312701 3 1 0
0.0044309 0.357138 0.00313751 3 1 0
0.00443241 0.356815 0.00314801 3 1 0
0.00443392 0.35649 0.00315852 3 1 0
0.00443543 0.356167 0.00316905 3 1 0
0.00443693 0.355847 0.00317959 3 1 0
0.00443843 0.355525 0.00319013 3 1 0
0.00443992 0.355205 0.00320068 3 1 0
0.00444141 0.354883 0.0032112 3 1 0
0.00444289 0.354565 0.00322176 3 1 0
0.00444437 0.354249 0.00323232 3 1 0
0.00444584 0.35394 0.00324289 3 1 0
0.0044473 0.353625 0.00325345 3 1 0
0.00444876 0.353311 0.00326401 3 1 0
0.00445022 0.352996 0.00327457 3 1 0
0.00445167 0.352685 0.00328513 3 1 0
0.00445311 0.352374 0.00329569 3 1 0
0.00445455 0.352065 0.00330625 3 1 0
0.00445598 0.351756 0.00331681 3 1 0
0.00445741 0.351449 0.00332737 3 1 0
0.00445882 0.351143 0.00333791 3 1 0
0.00446024 0.350838 0.00334845 3 1 0
0.00446164 0.350534 0.00335898 3 1 0
0.00446304 0.35023 0.00336951 3 1 0
0.00446443 0.349928 0.00338002 3 1 0
0.00446582 0.349627 0.00339052 3 1 0
0.00446719 0.349331 0.00340101 3 1 0
0.00446856 0.349034 0.00341149 3 1 0
0.00446993 0.348737 0.00342195 3 1 0
0.00447128 0.348444 0.0034324 3 1 0
0.00447263 0.34815 0.00344282 3 1 0
0.00447397 0.347858 0.00345323 3 1 0
0.0044753 0.347566 0.00346361 3 1 0
0.00447662 0.347277 0.00347397 3 1 0
0.00447793 0.346989 0.00348431 3 1 0
0.00447924 0.346707 0.00349462 3 1 0
0.00448053 0.346423 0.00350491 3 1 0
0.00448182 0.346141 0.00351516 3 1 0
0.00448309 0.345861 0.00352541 3 1 0
0.00448436 0.345583 0.00353561 3 1 0
0.00448562 0.345306 0.00354577 3 1 0
0.00448686 0.34503 0.00355602 3 1 0
0.0044881 0.344757 0.00356611 3 1 0
0.00448932 0.344486 0.00357616 3 1 0
0.00449054 0.344215 0.00358624 3 1 0
0.00449174 0.343948 0.00359621 3 1 0
0.00449293 0.343684 0.00360611 3 1 0
0.00449411 0.343422 0.00361586 3 1 0
0.00449528 0.343161 0.00362566 3 1 0
0.00449644 0.342902 0.00363542 3 1 0
0.00449758 0.342643 0.0036451 3 1 0
0.00449871 0.342389 0.00365473 3 1 0
0.00449983 0.342138 0.0036643 3 1 0
0.00450093 0.341889 0.00367383 3 1 0
0.00450202 0.341642 0.00368324 3 1 0
0.0045031 0.341399 0.00369257 3 1 0
0.00450416 0.341157 0.00370183 3 1 0
0.00450521 0.340918 0.00371103 3 1 0
0.00450624 0.340683 0.00372016 3 1 0
0.00450725 0.340449 0.00372906 3 1 0
0.00450825 0.340219 0.003738 3 1 0
0.00450923 0.339992 0.00374686 3 1 0
0.0045102 0.339766 0.00375554 3 1 0
0.00451115 0.339546 0.00376419 3 1 0
0.00451208 0.339328 0.00377274 3 1 0
0.00451299 0.339112 0.00378122 3 1 0
0.00451389 0.338901 0.00378955 3 1 0
0.00451476 0.338694 0.00379776 3 1 0
0.00451562 0.338491 0.0038057 3 1 0
0.00451645 0.338291 0.00381366 3 1 0
0.00451727 0.338094 0.00382149 3 1 0
0.00451806 0.337899 0.00382916 3 1 0
0.00451883 0.33771 0.00383672 3 1 0
0.00451959 0.337526 0.00384413 3 1 0
0.00452031 0.337344 0.0038514 3 1 0
0.00452102 0.337168 0.0038585 3 1 0
0.0045217 0.336996 0.00386545 3 1 0
0.00452236 0.336828 0.0038722 3 1 0
0.00452299 0.336665 0.00387881 3 1 0
0.0045236 0.336506 0.00388524 3 1 0
0.00452418 0.336353 0.00389149 3 1 0
0.00452474 0.336204 0.00389756 3 1 0
0.00452527 0.33606 0.00390344 3 1 0
0.00452577 0.335919 0.00390914 3 1 0
0.00452625 0.335785 0.00391462 3 1 0
0.00452669 0.335657 0.0039199 3 1 0
0.00452711 0.335534 0.00392494 3 1 0
0.0045275 0.335416 0.00392979 3 1 0
0.00452785 0.335305 0.00393441 3 1 0
0.00452818 0.335201 0.00393882 3 1 0
0.00452848 0.3351 0.00394298 3 1 0
0.00452874 0.335006 0.00394691 3 1 0
0.00452898 0.334912 0.00395059 3 1 0
0.00452918 0.33483 0.00395403 3 1 0
0.00452935 0.334754 0.00395722 3 1 0
0.00452948 0.334684 0.00396017 3 1 0
0.00452958 0.33462 0.00396284 3 1 0
0.00452965 0.334564 0.00396526 3 1 0
0.00452969 0.334514 0.00396741 3 1 0
0.00452969 0.33447 0.00396929 3 1 0
0.00452965 0.334434 0.0039709 3 1 0
0.00452959 0.334406 0.00397224 3 1 0
0.00452948 0.334383 0.0039733 3 1 0
0.00452934 0.334366 0.00397409 3 1 0
0.00452917 0.334357 0.00397458 3 1 0
0.00452896 0.334354 0.0039748 3 1 0
0.00452872 0.334358 0.00397475 3 1 0
0.00452844 0.334369 0.0039744 3 1 0
0.00452813 0.334386 0.00397378 3 1 0
0.00452778 0.33441 0.00397288 3 1 0
0.0045274 0.334441 0.0039717 3 1 0
0.00452699 0.334479 0.00397024 3 1 0
0.00452654 0.334523 0.00396851 3 1 0
0.00452605 0.334574 0.0039665 3 1 0
0.00452554 0.334632 0.00396422 3 1 0
0.00452499 0.334696 0.00396166 3 1 0
0.0045244 0.334768 0.00395885 3 1 0
0.00452379 0.334845 0.00395577 3 1 0
0.00452314 0.334929 0.00395242 3 1 0
0.00452247 0.335018 0.00394885 3 1 0
0.00452176 0.335115 0.003945 3 1 0
0.00452102 0.335217 0.0039409 3 1 0
0.00452025 0.335327 0.00393653 3 1 0
0.00451945 0.335442 0.00393195 3 1 0
0.00451863 0.335563 0.00392713 3 1 0
0.00451777 0.335689 0.0039221 3 1 0
0.00451689 0.335821 0.00391682 3 1 0
0.00451599 0.335958 0.00391133 3 1 0
0.00451505 0.336103 0.00390567 3 1 0
0.00451409 0.336251 0.00389975 3 1 0
0.00451311 0.336405 0.00389363 3 1 0
0.0045121 0.336564 0.0038873 3 1 0
0.00451106 0.336728 0.00388079 3 1 0
0.00451001 0.336897 0.0038741 3 1 0
0.00450893 0.337072 0.00386722 3 1 0
0.00450783 0.337251 0.00386017 3 1 0
0.00450671 0.337434 0.00385295 3 1 0
0.00450556 0.337622 0.00384558 3 1 0
0.0045044 0.337814 0.00383803 3 1 0
0.00450322 0.338011 0.00383032 3 1 0
0.00450201 0.33821 0.00382248 3 1 0
0.00450079 0.338415 0.00381448 3 1 0
0.00449955 0.338625 0.00380634 3 1 0
0.00449347 0.339665 0.00376609 3 1 0
0.00449214 0.339895 0.00375723 3 1 0
0.00449078 0.340128 0.00374827 3 1 0
0.00448942 0.340365 0.00373926 3 1 0
0.00448804 0.340605 0.00373008 3 1 0
0.00448665 0.340848 0.0037208 3 1 0
0.00448525 0.341095 0.00371142 3 1 0
0.00448383 0.341344 0.00370196 3 1 0
0.0044824 0.341596 0.00369241 3 1 0
0.00448096 0.341851 0.00368279 3 1 0
0.00447951 0.342109 0.00367307 3 1 0
0.00447804 0.342369 0.00366328 3 1 0
0.00447656 0.342633 0.00365347 3 1 0
0.00447508 0.342898 0.00364354 3 1 0
0.00447358 0.343166 0.00363353 3 1 0
0.00447207 0.343437 0.00362361 3 1 0
0.00447056 0.343709 0.00361348 3 1 0
0.00446903 0.343984 0.00360328 3 1 0
0.00446749 0.344265 0.00359296 3 1 0
0.00446595 0.344545 0.00358266 3 1 0
0.0044644 0.344827 0.00357231 3 1 0
0.00446283 0.345112 0.00356199 3 1 0
0.00446126 0.345398 0.00355155 3 1 0
0.00445968 0.345686 0.00354106 3 1 0
0.0044581 0.345977 0.00353068 3 1 0
0.0044565 0.346269 0.00352013 3 1 0
0.0044549 0.346563 0.00350955 3 1 0
0.0044533 0.346859 0.00349871 3 1 0
0.00445168 0.347156 0.00348805 3 1 0
0.00445006 0.347455 0.00347737 3 1 0
0.00444843 0.347756 0.00346668 3 1 0
0.0044468 0.348058 0.00345594 3 1 0
0.00444516 0.348361 0.00344518 3 1 0
0.00444351 0.348671 0.00343449 3 1 0
0.00444186 0.348977 0.00342365 3 1 0
0.0044402 0.349286 0.00341279 3 1 0
0.00443854 0.349601 0.00340187 3 1 0
0.00443687 0.349912 0.00339098 3 1 0
0.00443519 0.350225 0.00338007 3 1 0
0.00443351 0.350545 0.00336919 3 1 0
0.00443183 0.35086 0.00335825 3 1 0
0.00443014 0.351177 0.0033473 3 1 0
0.00442845 0.3515 0.00333638 3 1 0
0.00442675 0.351823 0.00332544 3 1 0
0.00442505 0.352147 0.00331449 3 1 0
0.00442334 0.35247 0.00330344 3 1 0
0.00442163 0.352797 0.00329245 3 1 0
0.00441992 0.353124 0.00328146 3 1 0
0.0044182 0.353445 0.00327046 3 1 0
0.00441648 0.353776 0.00325946 3 1 0
0.00441475 0.354108 0.00324847 3 1 0
0.00441302 0.35444 0.00323751 3 1 0
0.00441129 0.354771 0.00322651 3 1 0
0.00440955 0.355103 0.00321551 3 1 0
0.00440781 0.355438 0.00320456 3 1 0
0.00440607 0.355773 0.00319357 3 1 0
0.00440433 0.356112 0.00318258 3 1 0
0.00440258 0.356451 0.00317178 3 1 0
0.00440083 0.356791 0.0031608 3 1 0
0.00439907 0.357132 0.00314982 3 1 0
0.00439731 0.357469 0.00313872 3 1 0
0.00439555 0.357812 0.00312776 3 1 0
0.00439379 0.358156 0.00311682 3 1 0
0.00439203 0.358499 0.0031059 3 1 0
0.00439026 0.358842 0.00309497 3 1 0
0.00438849 0.359185 0.00308406 3 1 0
0.00438672 0.359533 0.00307319 3 1 0
0.00438495 0.359879 0.0030623 3 1 0
0.00438317 0.360229 0.00305142 3 1 0
0.00438139 0.360577 0.00304058 3 1 0
0.00437961 0.360928 0.00302973 3 1 0
0.00437783 0.36128 0.00301889 3 1 0
0.00437605 0.36163 0.00300823 3 1 0
0.00437426 0.361984 0.00299741 3 1 0
0.00437248 0.362338 0.00298661 3 1 0
0.00437069 0.362688 0.00297573 3 1 0
0.0043689 0.363041 0.00296497 3 1 0
0.00436711 0.363399 0.00295423 3 1 0
0.00436531 0.363755 0.00294354 3 1 0
0.00436352 0.36411 0.00293283 3 1 0
0.00436172 0.364468 0.00292214 3 1 0
0.00435992 0.364827 0.00291154 3 1 0
0.00435813 0.365187 0.00290088 3 1 0
0.00435633 0.365548 0.00289025 3 1 0
0.00435452 0.365907 0.00287974 3 1 0
0.00435272 0.366269 0.00286915 3 1 0
0.00435092 0.366632 0.00285857 3 1 0
0.00434911 0.366991 0.00284803 3 1 0
0.00434731 0.367355 0.00283752 3 1 0
0.0043455 0.36772 0.00282703 3 1 0
0.0043437 0.368082 0.00281657 3 1 0
0.00434189 0.368448 0.00280611 3 1 0
0.00434008 0.368815 0.00279567 3 1 0
0.00433827 0.369179 0.00278514 3 1 0
0.00433646 0.369546 0.00277475 3 1 0
0.00433465 0.369914 0.00276438 3 1 0
0.00433284 0.370281 0.00275404 3 1 0
0.00433103 0.37065 0.00274373 3 1 0
0.00432922 0.371019 0.00273344 3 1 0
0.0043274 0.371388 0.00272318 3 1 0
0.00432559 0.371758 0.00271294 3 1 0
0.00432378 0.372129 0.00270273 3 1 0
0.00432196 0.372496 0.00269258 3 1 0
0.00432015 0.372868 0.00268241 3 1 0
0.00431833 0.373241 0.00267227 3 1 0
0.00431652 0.37361 0.00266217 3 1 0
0.0043147 0.373984 0.00265208 3 1 0
0.00431289 0.374358 0.00264202 3 1 0
0.00431107 0.374726 0.00263198 3 1 0
0.00430926 0.375102 0.00262197 3 1 0
0.00430744 0.375477 0.00261199 3 1 0
0.00430563 0.375852 0.00260206 3 1 0
0.00430381 0.376229 0.00259214 3 1 0
0.004302 0.376605 0.00258224 3 1 0
0.00430018 0.376978 0.00257238 3 1 0
0.00429837 0.377356 0.00256254 3 1 0
0.00429655 0.377734 0.00255273 3 1 0
0.00429474 0.378111 0.002543 3 1 0
0.00429292 0.37849 0.00253324 3 1 0
0.00429111 0.378868 0.00252351 3 1 0
0.0042893 0.379247 0.00251385 3 1 0
0.00428748 0.379625 0.00250418 3 1 0
0.00428567 0.380004 0.00249453 3 1 0
0.00428386 0.380384 0.00248488 3 1 0
0.00428204 0.380764 0.0024753 3 1 0
0.00428023 0.381144 0.00246575 3 1 0
0.00427842 0.381524 0.00245624 3 1 0
0.00427661 0.381904 0.00244674 3 1 0
0.0042748 0.382284 0.00243728 3 1 0
0.00427299 0.382667 0.00242787 3 1 0
0.00427118 0.383047 0.00241846 3 1 0
0.00426938 0.383428 0.00240909 3 1 0
0.00426757 0.383811 0.00239978 3 1 0
0.00426576 0.384192 0.00239047 3 1 0
0.00426396 0.384573 0.00238118 3 1 0
0.00426215 0.384957 0.00237201 3 1 0
0.00426035 0.385339 0.00236278 3 1 0
0.00425854 0.385721 0.00235358 3 1 0
0.00425674 0.386109 0.00234441 3 1 0
0.00425494 0.386492 0.00233527 3 1 0
0.00425314 0.386874 0.00232617 3 1 0
0.00425134 0.387255 0.00231715 3 1 0
0.00424954 0.387641 0.00230811 3 1 0
0.00424775 0.388028 0.0022991 3 1 0
0.00424595 0.38841 0.00229014 3 1 0
0.00424416 0.388796 0.00228119 3 1 0
0.00424236 0.389183 0.00227227 3 1 0
0.00424057 0.389569 0.00226343 3 1 0
0.00423878 0.389953 0.00225457 3 1 0
0.00423699 0.390338 0.00224575 3 1 0
0.0042352 0.390729 0.002237 3 1 0
0.00423342 0.391114 0.00222824 3 1 0
0.00423163 0.391498 0.00221951 3 1 0
0.00422985 0.391887 0.00221083 3 1 0
0.00422806 0.392272 0.00220216 3 1 0
0.00422628 0.392657 0.00219353 3 1 0
0.0042245 0.393045 0.00218491 3 1 0
0.00422273 0.39343 0.00217634 3 1 0
0.00422095 0.393819 0.00216781 3 1 0
0.00421917 0.394208 0.00215943 3 1 0
0.0042174 0.394596 0.00215095 3 1 0
0.00421563 0.394985 0.00214251 3 1 0
0.00421386 0.395371 0.00213402 3 1 0
0.00421209 0.39576 0.00212564 3 1 0
0.00421033 0.396148 0.0021173 3 1 0
0.00420856 0.396528 0.00210898 3 1 0
0.0042068 0.396917 0.00210071 3 1 0
0.00420504 0.397307 0.00209247 3 1 0
0.00420329 0.397693 0.00208426 3 1 0
0.00420153 0.398083 0.00207609 3 1 0
0.00419978 0.398472 0.00206795 3 1 0
0.00419802 0.39886 0.00205985 3 1 0
0.00419628 0.399249 0.00205177 3 1 0
0.00419453 0.399637 0.00204373 3 1 0
0.00419278 0.400026 0.00203573 3 1 0
0.00419104 0.400413 0.00202776 3 1 0
0.0041893 0.400801 0.00201982 3 1 0
0.00418756 0.401187 0.00201191 3 1 0
0.00418583 0.401574 0.00200404 3 1 0
0.00418409 0.40196 0.0019962 3 1 0
0.00418236 0.402348 0.0019884 3 1 0
0.00418064 0.402734 0.00198063 3 1 0
0.00417891 0.40312 0.00197288 3 1 0
0.00417719 0.403507 0.0019652 3 1 0
0.00417547 0.403893 0.00195752 3 1 0
0.00417375 0.404278 0.00194987 3 1 0
0.00417204 0.404662 0.00194229 3 1 0
0.00417033 0.405047 0.00193471 3 1 0
0.00416862 0.40543 0.00192716 3 1 0
0.00416691 0.405819 0.00191965 3 1 0
0.00416521 0.406203 0.00191218 3 1 0
0.00416351 0.406586 0.00190473 3 1 0
0.00416181 0.406973 0.00189734 3 1 0
0.00416012 0.407356 0.00188996 3 1 0
0.00415843 0.407741 0.00188262 3 1 0
0.00415674 0.408129 0.00187534 3 1 0
0.00415506 0.408514 0.00186807 3 1 0
0.00415338 0.408899 0.00186083 3 1 0
0.0041517 0.409283 0.00185368 3 1 0
0.00415003 0.409667 0.0018465 3 1 0
0.00414836 0.410051 0.00183936 3 1 0
0.00414669 0.410433 0.0018323 3 1 0
0.00414503 0.410816 0.00182523 3 1 0
0.00414337 0.411198 0.00181819 3 1 0
0.00414172 0.411579 0.00181118 3 1 0
0.00414006 0.41196 0.00180421 3 1 0
0.00413842 0.412341 0.00179728 3 1 0
0.00413677 0.412721 0.00179041 3 1 0
0.00413513 0.413101 0.00178354 3 1 0
0.0041335 0.41348 0.00177672 3 1 0
0.00413187 0.413858 0.00176996 3 1 0
0.00413024 0.414237 0.0017632 3 1 0
0.00412862 0.414614 0.00175648 3 1 0
0.004127 0.414992 0.00174987 3 1 0
0.00412538 0.415368 0.00174321 3 1 0
0.00412377 0.415744 0.00173659 3 1 0
0.00412217 0.41612 0.00173003 3 1 0
0.00412057 0.416494 0.00172348 3 1 0
0.00411897 0.416868 0.00171697 3 1 0
0.00411738 0.417243 0.00171049 3 1 0
0.0041158 0.417616 0.00170405 3 1 0
0.00411422 0.417989 0.00169765 3 1 0
0.00411264 0.41836 0.00169135 3 1 0
0.00411107 0.418731 0.00168501 3 1 0
0.0041095 0.419102 0.00167871 3 1 0
0.00410794 0.419471 0.00167252 3 1 0
0.00410639 0.41984 0.0016663 3 1 0
0.00410484 0.420209 0.00166011 3 1 0
0.00410329 0.420576 0.00165382 3 1 0
0.00410175 0.420943 0.00164772 3 1 0
0.00410022 0.421308 0.00164165 3 1 0
0.00409869 0.421668 0.00163572 3 1 0
0.00409717 0.422034 0.00162973 3 1 0
0.00409566 0.422398 0.00162377 3 1 0
0.00409415 0.422761 0.00161775 3 1 0
0.00409264 0.423123 0.00161186 3 1 0
0.00409115 0.423484 0.00160602 3 1 0
0.00408966 0.423839 0.00160029 3 1 0
0.00408817 0.424199 0.00159451 3 1 0
0.00408669 0.424557 0.00158877 3 1 0
0.00408522 0.424913 0.00158304 3 1 0
0.00408376 0.425269 0.00157737 3 1 0
0.0040823 0.425623 0.00157174 3 1 0
0.00408085 0.425975 0.00156623 3 1 0
0.00407941 0.426327 0.00156068 3 1 0
0.00407797 0.426678 0.00155517 3 1 0
0.00407654 0.427025 0.00154961 3 1 0
0.00407512 0.427374 0.00154417 3 1 0
0.00407371 0.427721 0.00153878 3 1 0
0.0040723 0.428062 0.00153341 3 1 0
0.0040709 0.428407 0.00152809 3 1 0
0.00406951 0.42875 0.00152282 3 1 0
0.00406813 0.429091 0.00151758 3 1 0
0.00406676 0.429431 0.00151238 3 1 0
0.00406539 0.42977 0.00150723 3 1 0
0.00406404 0.430103 0.00150216 3 1 0
0.00406269 0.430439 0.00149709 3 1 0
0.00406135 0.430774 0.00149205 3 1 0
0.00406002 0.431096 0.00148706 3 1 0
0.00405869 0.431428 0.00148211 3 1 0
0.00405738 0.431758 0.0014772 3 1 0
0.00405608 0.432086 0.00147232 3 1 0
0.00405478 0.432412 0.0014675 3 1 0
0.0040535 0.432737 0.00146272 3 1 0
0.00405222 0.433061 0.00145797 3 1 0
0.00405096 0.433381 0.00145327 3 1 0
0.00404971 0.433699 0.00144862 3 1 0
0.00404846 0.434012 0.00144403 3 1 0
0.00404723 0.434326 0.00143947 3 1 0
0.004046 0.434638 0.00143495 3 1 0
0.00404479 0.434944 0.00143051 3 1 0
0.00404359 0.435252 0.00142607 3 1 0
0.0040424 0.435558 0.00142169 3 1 0
0.00404122 0.435859 0.00141732 3 1 0
0.00404005 0.43616 0.00141303 4 1 0
0.00403889 0.436459 0.00140878 3 1 0
0.00403776 0.436751 0.0014046 4 1 0
0.00403662 0.437046 0.00140044 3 1 0
0.0040355 0.437337 0.00139634 4 1 0
0.00403439 0.437621 0.00139228 3 1 0
0.0040333 0.437907 0.00138827 4 1 0
0.00403222 0.438192 0.0013843 3 1 0
0.00403115 0.438476 0.00138043 4 1 0
0.0040301 0.438754 0.00137655 3 1 0
0.00402906 0.439028 0.00137276 3 1 0
0.00402803 0.439296 0.00136896 3 1 0
0.00402701 0.439566 0.00136524 4 1 0
0.00402601 0.439834 0.00136156 3 1 0
0.00402502 0.440094 0.00135794 4 1 0
0.00402405 0.440356 0.00135436 3 1 0
0.0040231 0.440611 0.00135088 4 1 0
0.00402215 0.440864 0.00134741 3 1 0
0.00402123 0.441113 0.00134403 4 1 0
0.00402032 0.441363 0.00134065 3 1 0
0.00401942 0.441606 0.00133736 4 1 0
0.00401853 0.441848 0.00133409 3 1 0
0.00401767 0.442086 0.00133089 4 1 0
0.00401681 0.442319 0.00132771 3 1 0
0.00401859 0.441827 0.0013343 4 1 0
0.00401772 0.442067 0.00133108 3 1 0
0.0040177 0.442072 0.00133099 4 1 0
0.00401684 0.442308 0.00132782 3 1 0
0.00401681 0.442317 0.00132771 4 1 0
0.00401597 0.442547 0.0013246 3 1 0
0.00401515 0.442776 0.00132154 3 1 0
0.00401435 0.443002 0.00131853 3 1 0
0.00401356 0.443219 0.00131559 3 1 0
0.00401278 0.443437 0.00131269 3 1 0
0.00401203 0.443652 0.00130985 3 1 0
0.00401129 0.443868 0.00130711 3 1 0
0.00401056 0.444074 0.00130438 3 1 0
0.00400986 0.444277 0.00130171 3 1 0
0.00400917 0.444471 0.00129905 3 1 0
0.0040085 0.444666 0.00129649 3 1 0
0.00400785 0.444857 0.00129399 3 1 0
0.00400722 0.445041 0.00129154 3 1 0
0.00400661 0.445223 0.00128915 3 1 0
0.00400601 0.445401 0.00128682 3 1 0
0.00400543 0.445578 0.00128458 3 1 0
0.00400488 0.445748 0.00128237 3 1 0
0.00400434 0.445913 0.00128022 3 1 0
0.00400382 0.446071 0.00127813 3 1 0
0.00400332 0.446228 0.00127609 3 1 0
0.00400284 0.446379 0.00127412 3 1 0
0.00400238 0.446524 0.00127221 3 1 0
0.00400194 0.446667 0.00127035 3 1 0
0.00400152 0.446805 0.00126856 3 1 0
0.00400111 0.446941 0.00126687 3 1 0
0.00400073 0.44707 0.00126521 3 1 0
0.00400037 0.447194 0.0012636 3 1 0
0.00400003 0.447312 0.00126207 3 1 0
0.00399971 0.447426 0.00126059 3 1 0
0.00399941 0.447536 0.00125917 3 1 0
0.00399914 0.447637 0.00125775 3 1 0
0.00399888 0.447737 0.00125645 3 1 0
0.00399864 0.447832 0.00125522 3 1 0
0.00399843 0.447922 0.00125403 3 1 0
0.00399823 0.448008 0.00125292 3 1 0
0.00399806 0.448088 0.00125187 3 1 0
0.0039979 0.448168 0.00125089 3 1 0
0.00399777 0.448238 0.00124997 3 1 0
0.00399766 0.448303 0.00124911 3 1 0
0.00399757 0.448364 0.00124829 3 1 0
0.0039975 0.448419 0.00124756 3 1 0
0.00399746 0.448469 0.00124689 3 1 0
0.00399743 0.448514 0.00124629 3 1 0
0.00399742 0.448555 0.00124574 3 1 0
0.00399744 0.44859 0.00124526 3 1 0
0.00399748 0.44862 0.0012449 3 1 0
0.00399753 0.448645 0.00124454 3 1 0
0.00399761 0.448666 0.00124425 3 1 0
0.00399771 0.448681 0.00124394 3 1 0
0.00399783 0.448691 0.00124377 3 1 0
0.00399797 0.448696 0.00124366 3 1 0
0.00399813 0.448695 0.0012436 3 1 0
0.00399831 0.448691 0.00124361 3 1 0
0.00399851 0.448681 0.00124368 3 1 0
0.00399874 0.448666 0.00124393 3 1 0
0.00399898 0.448647 0.00124413 3 1 0
0.00399924 0.448623 0.00124439 3 1 0
0.00399952 0.448596 0.00124462 3 1 0
0.00399983 0.448563 0.00124499 3 1 0
0.00400015 0.448524 0.00124543 3 1 0
0.00400049 0.448479 0.0012459 3 1 0
0.00400085 0.448431 0.00124645 3 1 0
0.00400123 0.448378 0.00124707 3 1 0
0.00400163 0.448316 0.00124775 3 1 0
0.00400205 0.448254 0.00124849 3 1 0
0.00400249 0.448188 0.00124928 3 1 0
0.00400294 0.448115 0.00125011 3 1 0
0.00400342 0.44804 0.00125102 3 1 0
0.00400391 0.44796 0.00125198 3 1 0
0.00400442 0.447871 0.00125297 3 1 0
0.00400495 0.447783 0.00125405 3 1 0
0.00400549 0.44769 0.00125518 3 1 0
0.00400606 0.447593 0.00125639 3 1 0
0.00400664 0.447491 0.00125763 3 1 0
0.00400724 0.447384 0.00125892 3 1 0
0.00400785 0.447277 0.00126025 3 1 0
0.00400849 0.447162 0.00126165 3 1 0
0.00400914 0.447043 0.00126311 3 1 0
0.0040098 0.446921 0.00126458 3 1 0
0.00401048 0.446794 0.00126614 3 1 0
0.00401118 0.446663 0.00126775 3 1 0
0.00401189 0.446534 0.00126941 3 1 0
0.00401262 0.446395 0.00127112 3 1 0
0.00401337 0.446253 0.00127289 3 1 0
0.00401413 0.446111 0.00127478 3 1 0
0.0040149 0.445961 0.00127664 3 1 0
0.00401569 0.445808 0.00127855 3 1 0
0.0040165 0.445645 0.00128048 3 1 0
0.00401732 0.445486 0.0012825 3 1 0
0.00401815 0.445323 0.00128456 3 1 0
0.004019 0.445162 0.00128661 3 1 0
0.00401986 0.444991 0.00128877 3 1 0
0.00402074 0.444816 0.00129098 3 1 0
0.00402163 0.444638 0.00129327 3 1 0
0.00402253 0.444457 0.00129557 3 1 0
0.00402344 0.444273 0.00129793 3 1 0
0.00402437 0.444086 0.00130035 3 1 0
0.00402531 0.443895 0.00130278 3 1 0
0.00402627 0.443701 0.00130526 3 1 0
0.00402723 0.443506 0.00130776 3 1 0
0.00402821 0.443305 0.00131034 3 1 0
0.0040292 0.443102 0.00131297 3 1 0
0.00403021 0.442893 0.00131563 3 1 0
0.00403122 0.442686 0.00131834 3 1 0
0.00403225 0.442476 0.0013211 3 1 0
0.00403328 0.442261 0.0013239 3 1 0
0.00403433 0.442046 0.00132673 3 1 0
0.00403539 0.441828 0.0013296 3 1 0
0.00403646 0.441607 0.0013325 3 1 0
0.00403754 0.441383 0.00133546 3 1 0
0.00403864 0.441157 0.00133845 3 1 0
0.00403974 0.440932 0.00134156 3 1 0
0.00404085 0.440701 0.00134466 3 1 0
0.00404197 0.440466 0.00134778 3 1 0
0.00404311 0.440229 0.00135092 3 1 0
0.00404425 0.43999 0.00135413 3 1 0
0.0040454 0.439748 0.00135737 3 1 0
0.00404656 0.439504 0.00136064 3 1 0
0.00404773 0.439257 0.00136396 3 1 0
0.00404891 0.439008 0.00136733 3 1 0
0.0040501 0.438757 0.00137072 3 1 0
0.0040513 0.438503 0.00137416 3 1 0
0.00405251 0.438247 0.00137764 3 1 0
0.00405372 0.437992 0.00138119 3 1 0
0.00405494 0.437732 0.00138474 3 1 0
0.00405618 0.43747 0.00138834 3 1 0
0.00405742 0.437209 0.00139203 3 1 0
0.00405867 0.436943 0.0013957 3 1 0
0.00405992 0.436675 0.0013994 3 1 0
0.00406119 0.436398 0.00140311 3 1 0
0.00406246 0.436126 0.00140689 3 1 0
0.00406374 0.435851 0.00141071 3 1 0
0.00406503 0.435579 0.00141455 3 1 0
0.00406632 0.435302 0.00141844 3 1 0
0.00406762 0.435022 0.00142237 3 1 0
0.00406893 0.434743 0.00142636 3 1 0
0.00407025 0.434462 0.00143036 3 1 0
0.00407157 0.43418 0.0014344 3 1 0
0.0040729 0.433897 0.0014385 3 1 0
0.00407424 0.433612 0.00144261 3 1 0
0.00407558 0.433325 0.00144676 3 1 0
0.00407694 0.433035 0.00145094 3 1 0
0.00407829 0.432746 0.00145516 3 1 0
0.00407966 0.432454 0.00145941 3 1 0
0.00408102 0.432164 0.00146371 3 1 0
0.0040824 0.431869 0.00146803 3 1 0
0.00408378 0.431571 0.00147239 3 1 0
0.00408517 0.431271 0.00147678 3 1 0
0.00408656 0.430972 0.0014812 3 1 0
0.00408796 0.430672 0.00148566 3 1 0
0.00408937 0.430365 0.00149016 3 1 0
0.00409078 0.430063 0.00149469 3 1 0
0.00409219 0.429759 0.00149926 3 1 0
0.00409361 0.429454 0.00150386 3 1 0
0.00409504 0.429147 0.00150849 3 1 0
0.00409647 0.428839 0.00151315 3 1 0
0.00409791 0.428525 0.00151785 3 1 0
0.00409935 0.428215 0.00152258 3 1 0
0.0041008 0.427903 0.00152735 3 1 0
0.00410225 0.427592 0.00153215 3 1 0
0.00410371 0.427278 0.00153698 3 1 0
0.00410517 0.426962 0.00154185 3 1 0
0.00410664 0.426645 0.00154675 3 1 0
0.00410811 0.426328 0.00155169 3 1 0
0.00410959 0.426009 0.00155666 3 1 0
0.00411107 0.425689 0.00156168 3 1 0
0.00411255 0.425368 0.00156671 3 1 0
0.00411404 0.425046 0.00157178 3 1 0
0.00411553 0.424721 0.00157689 3 1 0
0.00411703 0.424398 0.00158203 3 1 0
0.00411853 0.424074 0.0015872 3 1 0
0.00412004 0.42375 0.00159234 3 1 0
0.00412155 0.423424 0.00159757 3 1 0
0.00412306 0.423096 0.00160283 3 1 0
0.00412458 0.422768 0.00160812 3 1 0
0.0041261 0.422439 0.00161344 3 1 0
0.00412763 0.422109 0.0016188 3 1 0
0.00412916 0.421778 0.00162418 3 1 0
0.00413069 0.421446 0.0016296 3 1 0
0.00413223 0.421113 0.00163506 3 1 0
0.00413377 0.420781 0.00164054 3 1 0
0.00413531 0.420447 0.00164606 3 1 0
0.00413686 0.420113 0.00165161 3 1 0
0.00413841 0.419778 0.00165718 3 1 0
0.00413996 0.419442 0.00166279 3 1 0
0.00414152 0.419105 0.00166844 3 1 0
0.00414308 0.418767 0.00167411 3 1 0
0.00414464 0.418429 0.00167982 3 1 0
0.00414621 0.418091 0.00168556 3 1 0
0.00414778 0.417751 0.00169133 3 1 0
0.00414935 0.417411 0.00169713 3 1 0
0.00415093 0.41707 0.00170297 3 1 0
0.0041525 0.416729 0.00170883 3 1 0
0.00415408 0.416387 0.00171473 3 1 0
0.00415567 0.416044 0.00172066 3 1 0
0.00415726 0.415702 0.00172661 3 1 0
0.00415884 0.415358 0.0017326 3 1 0
0.00416044 0.415014 0.00173863 3 1 0
0.00416203 0.414669 0.00174468 3 1 0
0.00416363 0.414324 0.00175077 3 1 0
0.00416523 0.413977 0.00175688 3 1 0
0.00416683 0.413632 0.00176303 3 1 0
0.00416844 0.413284 0.00176921 3 1 0
0.00417004 0.412937 0.00177542 3 1 0
0.00417165 0.412588 0.00178166 3 1 0
0.00417326 0.412239 0.00178793 3 1 0
0.00417488 0.41189 0.00179424 3 1 0
0.00417649 0.411543 0.00180058 3 1 0
0.00417811 0.411193 0.00180694 3 1 0
0.00417973 0.410842 0.00181334 3 1 0
0.00418136 0.410493 0.00181977 3 1 0
0.00418298 0.410142 0.00182623 3 1 0
0.00418461 0.40979 0.00183272 3 1 0
0.00418623 0.409441 0.00183924 3 1 0
0.00418787 0.409088 0.0018458 3 1 0
0.0041895 0.408735 0.00185238 3 1 0
0.00419113 0.408383 0.001859 3 1 0
0.00419277 0.40803 0.00186565 3 1 0
0.00419441 0.407676 0.00187233 3 1 0
0.00419605 0.407324 0.00187903 3 1 0
0.00419769 0.406969 0.00188577 3 1 0
0.00419933 0.406614 0.00189254 3 1 0
0.00420097 0.406262 0.00189935 3 1 0
0.00420262 0.405906 0.00190618 3 1 0
0.00420427 0.405551 0.00191304 3 1 0
0.00420592 0.405196 0.00191994 3 1 0
0.00420757 0.40484 0.00192687 3 1 0
0.00420922 0.404484 0.00193382 3 1 0
0.00421087 0.404129 0.00194082 3 1 0
0.00421253 0.403772 0.00194784 3 1 0
0.00421419 0.403415 0.00195489 3 1 0
0.00421584 0.403057 0.00196196 3 1 0
0.0042175 0.402699 0.00196908 3 1 0
0.00421916 0.402341 0.00197622 3 1 0
0.00422082 0.401985 0.0019834 3 1 0
0.00422249 0.401626 0.0019906 3 1 0
0.00422415 0.401267 0.00199784 3 1 0
0.00422581 0.40091 0.00200511 3 1 0
0.00422748 0.40055 0.00201241 3 1 0
0.00422915 0.40019 0.00201973 3 1 0
0.00423081 0.399834 0.00202709 3 1 0
0.00423248 0.399477 0.00203449 3 1 0
0.00423415 0.399119 0.00204191 3 1 0
0.00423582 0.398756 0.00204936 3 1 0
0.00423749 0.398395 0.00205685 3 1 0
0.00423917 0.398036 0.00206436 3 1 0
0.00424084 0.397684 0.0020719 3 1 0
0.00424251 0.397323 0.00207948 3 1 0
0.00424419 0.396963 0.00208709 3 1 0
0.00424586 0.396606 0.00209472 3 1 0
0.00424754 0.396245 0.00210239 3 1 0
0.00424922 0.395885 0.00211009 3 1 0
0.00425089 0.395529 0.00211783 3 1 0
0.00425257 0.395169 0.00212559 3 1 0
0.00425425 0.394808 0.00213338 3 1 0
0.00425593 0.39445 0.00214121 3 1 0
0.00425761 0.39409 0.00214907 3 1 0
0.00425929 0.39373 0.00215696 3 1 0
0.00426097 0.39337 0.00216491 3 1 0
0.00426265 0.39301 0.00217286 3 1 0
0.00426433 0.39265 0.00218084 3 1 0
0.00426601 0.392289 0.00218878 3 1 0
0.00426769 0.39193 0.00219682 3 1 0
0.00426937 0.39157 0.00220489 3 1 0
0.00427105 0.39121 0.00221298 3 1 0
0.00427274 0.39085 0.00222111 3 1 0
0.00427442 0.39049 0.00222927 3 1 0
0.0042761 0.390127 0.00223745 3 1 0
0.00427778 0.389768 0.00224567 3 1 0
0.00427947 0.389409 0.00225392 3 1 0
0.00428115 0.389048 0.0022622 3 1 0
0.00428283 0.388689 0.00227051 3 1 0
0.00428451 0.38833 0.00227885 3 1 0
0.0042862 0.387968 0.00228722 3 1 0
0.00428788 0.38761 0.00229562 3 1 0
0.00428956 0.387251 0.00230406 3 1 0
0.00429124 0.386885 0.00231251 3 1 0
0.00429293 0.386528 0.002321 3 1 0
0.00429461 0.38617 0.00232952 3 1 0
0.00429629 0.38581 0.00233807 3 1 0
0.00429797 0.385452 0.00234664 3 1 0
0.00429965 0.385095 0.00235525 3 1 0
0.00430133 0.384736 0.00236389 3 1 0
0.00430301 0.384378 0.00237256 3 1 0
0.00430469 0.384021 0.00238126 3 1 0
0.00430637 0.383656 0.00239 3 1 0
0.00430805 0.383299 0.00239876 3 1 0
0.00430973 0.382943 0.00240755 3 1 0
0.00431141 0.382582 0.00241637 3 1 0
0.00431308 0.382226 0.00242522 3 1 0
0.00431476 0.38187 0.0024341 3 1 0
0.00431644 0.381515 0.00244299 3 1 0
0.00431811 0.381158 0.00245192 3 1 0
0.00431979 0.380802 0.00246089 3 1 0
0.00432146 0.380443 0.0024699 3 1 0
0.00432313 0.380087 0.00247893 3 1 0
0.00432481 0.379732 0.00248798 3 1 0
0.00432648 0.379375 0.00249704 3 1 0
0.00432815 0.37902 0.00250615 3 1 0
0.00432982 0.378666 0.00251529 3 1 0
0.00433149 0.378311 0.00252446 3 1 0
0.00433315 0.377956 0.00253366 3 1 0
0.00433482 0.377602 0.00254288 3 1 0
0.00433649 0.377246 0.00255213 3 1 0
0.00433815 0.376892 0.00256141 3 1 0
0.00433981 0.376539 0.00257073 3 1 0
0.00434148 0.376184 0.00258001 3 1 0
0.00434314 0.375831 0.00258937 3 1 0
0.0043448 0.375478 0.00259877 3 1 0
0.00434645 0.375125 0.00260816 3 1 0
0.00434811 0.374773 0.00261761 3 1 0
0.00434977 0.37442 0.00262708 3 1 0
0.00435142 0.374068 0.0026366 3 1 0
0.00435307 0.373717 0.00264613 3 1 0
0.00435473 0.373365 0.00265568 3 1 0
0.00435637 0.373014 0.00266533 3 1 0
0.00435802 0.372664 0.00267492 3 1 0
0.00435967 0.372314 0.00268453 3 1 0
0.00436131 0.371963 0.00269408 3 1 0
0.00436296 0.371613 0.00270377 3 1 0
0.0043646 0.371263 0.00271348 3 1 0
0.00436624 0.370916 0.0027231 3 1 0
0.00436788 0.370568 0.00273286 3 1 0
0.00436951 0.370219 0.00274263 3 1 0
0.00437115 0.369871 0.00275245 3 1 0
0.00437278 0.369524 0.00276227 3 1 0
0.00437441 0.369176 0.00277213 3 1 0
0.00437604 0.368831 0.00278198 3 1 0
0.00437766 0.368485 0.00279188 3 1 0
0.00437929 0.368139 0.00280181 3 1 0
0.00438091 0.367796 0.00281176 3 1 0
0.00438253 0.367451 0.00282173 3 1 0
0.00438414 0.367106 0.00283172 3 1 0
0.00438576 0.366762 0.00284168 3 1 0
0.00438737 0.366418 0.00285171 3 1 0
0.00438898 0.366074 0.00286177 3 1 0
0.00439059 0.365732 0.00287185 3 1 0
0.00439219 0.365389 0.00288194 3 1 0
0.00439379 0.365047 0.00289206 3 1 0
0.00439539 0.364708 0.0029022 3 1 0
0.00439699 0.364367 0.00291236 3 1 0
0.00439858 0.364026 0.00292254 3 1 0
0.00440017 0.363689 0.00293273 3 1 0
0.00440176 0.363349 0.00294295 3 1 0
0.00440335 0.363012 0.00295319 3 1 0
0.00440493 0.362676 0.00296345 3 1 0
0.00440651 0.362341 0.00297372 3 1 0
0.00440808 0.362006 0.00298402 3 1 0
0.00440965 0.361674 0.00299431 3 1 0
0.00441122 0.361341 0.00300464 3 1 0
0.00441279 0.361008 0.00301498 3 1 0
0.00441435 0.360676 0.00302533 3 1 0
0.00441591 0.360343 0.0030357 3 1 0
0.00441746 0.360011 0.00304609 3 1 0
0.00441901 0.35968 0.0030565 3 1 0
0.00442056 0.35935 0.00306691 3 1 0
0.0044221 0.359021 0.00307735 3 1 0
0.00442364 0.358691 0.0030879 3 1 0
0.00442518 0.358363 0.00309837 3 1 0
0.00442671 0.358037 0.00310885 3 1 0
0.00442824 0.35771 0.00311924 3 1 0
0.00442976 0.357385 0.00312974 3 1 0
0.00443128 0.35706 0.00314024 3 1 0
0.00443279 0.356736 0.00315075 3 1 0
0.0044343 0.356412 0.00316127 3 1 0
0.00443581 0.35609 0.00317181 3 1 0
0.00443731 0.355769 0.00318237 3 1 0
0.00443881 0.355448 0.00319292 3 1 0
0.0044403 0.355129 0.00320348 3 1 0
0.00444178 0.35481 0.00321412 3 1 0
0.00444326 0.354492 0.00322466 3 1 0
0.00444474 0.354175 0.0032352 3 1 0
0.00444621 0.35386 0.0032456 3 1 0
0.00444767 0.353545 0.00325615 3 1 0
0.00444913 0.353231 0.00326671 3 1 0
0.00445059 0.352917 0.00327738 3 1 0
0.00445203 0.352605 0.00328793 3 1 0
0.00445348 0.352294 0.00329848 3 1 0
0.00445491 0.351985 0.00330912 3 1 0
0.00445634 0.351677 0.00331966 3 1 0
0.00445777 0.351369 0.0033302 3 1 0
0.00445918 0.351062 0.00334077 3 1 0
0.00446059 0.350757 0.0033513 3 1 0
0.004462 0.350453 0.00336182 3 1 0
0.00446339 0.350147 0.00337242 3 1 0
0.00446478 0.349847 0.00338294 3 1 0
0.00446617 0.349548 0.00339346 3 1 0
0.00446754 0.349252 0.0034038 3 1 0
0.00446891 0.348956 0.00341428 3 1 0
0.00447027 0.348661 0.00342475 3 1 0
0.00447162 0.348366 0.00343514 3 1 0
0.00447297 0.348074 0.00344558 3 1 0
0.0044743 0.347783 0.00345599 3 1 0
0.00447563 0.347495 0.00346634 3 1 0
0.00447695 0.347207 0.0034767 3 1 0
0.00447826 0.34692 0.00348705 3 1 0
0.00447956 0.346631 0.00349729 3 1 0
0.00448086 0.346348 0.00350758 3 1 0
0.00448214 0.346067 0.00351783 3 1 0
0.00448341 0.34579 0.003528 3 1 0
0.00448468 0.345512 0.00353818 3 1 0
0.00448593 0.345236 0.00354833 3 1 0
0.00448718 0.34496 0.00355845 3 1 0
0.00448841 0.344688 0.00356852 3 1 0
0.00448963 0.344417 0.00357855 3 1 0
0.00449084 0.344146 0.00358855 3 1 0
0.00449204 0.34388 0.00359849 3 1 0
0.00449323 0.343616 0.00360839 3 1 0
0.00449441 0.343355 0.00361817 3 1 0
0.00449558 0.343094 0.00362795 3 1 0
0.00449673 0.342837 0.00363769 3 1 0
0.00449787 0.342581 0.00364733 3 1 0
0.004499 0.342327 0.00365694 3 1 0
0.00450011 0.342076 0.00366648 3 1 0
0.00450121 0.341827 0.00367596 3 1 0
0.0045023 0.34158 0.00368537 3 1 0
0.00450337 0.341337 0.0036947 3 1 0
0.00450443 0.341098 0.00370404 3 1 0
0.00450547 0.34086 0.00371322 3 1 0
0.00450649 0.340624 0.00372232 3 1 0
0.00450751 0.340386 0.00373121 3 1 0
0.0045085 0.340156 0.00374012 3 1 0
0.00450948 0.339929 0.00374894 3 1 0
0.00451044 0.339712 0.00375768 3 1 0
0.00451139 0.339492 0.00376631 3 1 0
0.00451231 0.339275 0.00377482 3 1 0
0.00451322 0.339061 0.00378323 3 1 0
0.00451411 0.338851 0.00379153 3 1 0
0.00451498 0.338644 0.0037997 3 1 0
0.00451583 0.33844 0.00380777 3 1 0
0.00451666 0.338241 0.0038157 3 1 0
0.00451747 0.338045 0.0038235 3 1 0
0.00451826 0.337854 0.00383111 3 1 0
0.00451903 0.337666 0.00383863 3 1 0
0.00451977 0.337482 0.003846 3 1 0
0.0045205 0.337298 0.00385325 3 1 0
0.00452119 0.337123 0.00386032 3 1 0
0.00452187 0.336952 0.00386723 3 1 0
0.00452252 0.336785 0.00387415 3 1 0
0.00452315 0.336623 0.00388072 3 1 0
0.00452375 0.336466 0.00388712 3 1 0
0.00452433 0.336316 0.0038931 3 1 0
0.00452488 0.336168 0.00389913 3 1 0
0.0045254 0.336026 0.00390496 3 1 0
0.00452589 0.335885 0.00391056 3 1 0
0.00452636 0.335752 0.00391599 3 1 0
0.0045268 0.335625 0.00392122 3 1 0
0.00452721 0.335503 0.00392624 3 1 0
0.00452759 0.335387 0.00393103 3 1 0
0.00452794 0.335276 0.0039356 3 1 0
0.00452826 0.335172 0.00393989 3 1 0
0.00452855 0.335073 0.00394399 3 1 0
0.00452881 0.33498 0.00394786 3 1 0
0.00452903 0.33489 0.00395149 3 1 0
0.00452922 0.33481 0.00395487 3 1 0
0.00452938 0.334735 0.00395799 3 1 0
0.00452951 0.334668 0.00396086 3 1 0
0.00452961 0.334606 0.00396347 3 1 0
0.00452967 0.334551 0.00396582 3 1 0
0.00452969 0.334501 0.00396791 3 1 0
0.00452968 0.334459 0.00396972 3 1 0
0.00452964 0.334424 0.00397126 3 1 0
0.00452956 0.334399 0.00397254 3 1 0
0.00452945 0.334377 0.00397353 3 1 0
0.0045293 0.334361 0.00397425 3 1 0
0.00452912 0.334354 0.00397465 3 1 0
0.0045289 0.334353 0.00397481 3 1 0
0.00452865 0.334359 0.00397468 3 1 0
0.00452837 0.334368 0.00397427 3 1 0
0.00452805 0.334388 0.00397358 3 1 0
0.00452769 0.334414 0.00397261 3 1 0
0.0045273 0.334444 0.00397136 3 1 0
0.00452687 0.334484 0.00396983 3 1 0
0.00452642 0.33453 0.00396803 3 1 0
0.00452592 0.334582 0.00396596 3 1 0
0.0045254 0.334642 0.00396361 3 1 0
0.00452484 0.334709 0.00396099 3 1 0
0.00452425 0.334782 0.0039581 3 1 0
0.00452363 0.334861 0.00395495 3 1 0
0.00452297 0.334948 0.00395154 3 1 0
0.00452229 0.335036 0.00394788 3 1 0
0.00452157 0.335134 0.00394397 3 1 0
0.00452083 0.335239 0.00393981 3 1 0
0.00452005 0.335349 0.00393544 3 1 0
0.00451925 0.335465 0.00393079 3 1 0
0.00451841 0.335587 0.00392592 3 1 0
0.00451755 0.335718 0.00392081 3 1 0
0.00451667 0.335852 0.00391548 3 1 0
0.00451575 0.335992 0.00390993 3 1 0
0.00451481 0.33614 0.00390421 3 1 0
0.00451384 0.33629 0.00389824 3 1 0
0.00451285 0.336445 0.00389207 3 1 0
0.00451184 0.336604 0.00388585 3 1 0
0.0045108 0.336768 0.00387928 3 1 0
0.00450974 0.336938 0.00387254 3 1 0
0.00450865 0.337113 0.00386558 3 1 0
0.00450755 0.337292 0.00385848 3 1 0
0.00450642 0.337476 0.00385121 3 1 0
0.00450527 0.337665 0.00384375 3 1 0
0.0045041 0.337857 0.00383616 3 1 0
0.00450291 0.338053 0.00382841 3 1 0
0.0045017 0.338257 0.0038206 3 1 0
0.00450048 0.338464 0.00381255 3 1 0
0.00449923 0.338675 0.00380437 3 1 0
0.00449924 0.338675 0.00380447 3 1 0
0.00449798 0.338889 0.00379614 3 1 0
0.00449669 0.339108 0.00378769 3 1 0
0.0044954 0.339329 0.00377911 3 1 0
0.00449409 0.339555 0.00377042 3 1 0
0.00449276 0.339785 0.0037616 3 1 0
0.00449142 0.340014 0.00375268 3 1 0
0.00449006 0.340251 0.00374364 3 1 0
0.00448869 0.34049 0.0037345 3 1 0
0.00448731 0.34073 0.00372532 3 1 0
0.00448591 0.340976 0.00371598 3 1 0
0.0044845 0.341225 0.00370655 3 1 0
0.00448307 0.341476 0.00369714 3 1 0
0.00448164 0.341731 0.00368756 3 1 0
0.00448019 0.341988 0.00367791 3 1 0
0.00447873 0.342246 0.00366809 3 1 0
0.00447726 0.342508 0.00365825 3 1 0
0.00447578 0.342773 0.00364834 3 1 0
0.00447428 0.343039 0.00363838 3 1 0
0.00447278 0.34331 0.00362833 3 1 0
0.00447127 0.343582 0.00361822 3 1 0
0.00446975 0.343856 0.00360813 3 1 0
0.00446822 0.344134 0.0035979 3 1 0
0.00446667 0.344413 0.00358762 3 1 0
0.00446513 0.344693 0.00357731 3 1 0
0.00446357 0.344977 0.00356696 3 1 0
0.004462 0.345263 0.00355656 3 1 0
0.00446043 0.345548 0.0035461 3 1 0
0.00445884 0.345839 0.00353559 3 1 0
0.00445725 0.346131 0.00352503 3 1 0
0.00445566 0.346422 0.00351447 3 1 0
0.00445405 0.346718 0.00350384 3 1 0
0.00445244 0.347017 0.00349318 3 1 0
0.00445082 0.347312 0.00348256 3 1 0
0.0044492 0.347615 0.00347183 3 1 0
0.00444756 0.347918 0.00346108 3 1 0
0.00444593 0.348219 0.00345029 3 1 0
0.00444428 0.348527 0.00343952 3 1 0
0.00444263 0.348836 0.00342872 3 1 0
0.00444098 0.349143 0.00341792 3 1 0
0.00443932 0.349455 0.00340708 3 1 0
0.00443765 0.349768 0.00339621 3 1 0
0.00443598 0.350077 0.00338531 3 1 0
0.0044343 0.350394 0.00337442 3 1 0
0.00443262 0.350712 0.00336349 3 1 0
0.00443093 0.351031 0.0033525 3 1 0
0.00442924 0.351349 0.00334157 3 1 0
0.00442755 0.351668 0.00333064 3 1 0
0.00442585 0.351991 0.0033195 3 1 0
0.00442414 0.352314 0.00330854 3 1 0
0.00442243 0.352641 0.00329758 3 1 0
0.00442072 0.352964 0.00328653 3 1 0
0.004419 0.353293 0.00327555 3 1 0
0.00441728 0.353623 0.00326457 3 1 0
0.00441556 0.353954 0.0032537 3 1 0
0.00441383 0.354283 0.00324273 3 1 0
0.0044121 0.354613 0.00323175 3 1 0
0.00441037 0.354952 0.00322083 3 1 0
0.00440863 0.355285 0.00320983 3 1 0
0.00440689 0.355619 0.00319883 3 1 0
0.00440514 0.355958 0.00318782 3 1 0
0.0044034 0.356295 0.00317683 3 1 0
0.00440165 0.356632 0.00316585 3 1 0
0.00439989 0.356973 0.00315493 3 1 0
0.00439814 0.357312 0.00314396 3 1 0
0.00439638 0.357652 0.003133 3 1 0
0.00439462 0.357997 0.00312214 3 1 0
0.00439286 0.358339 0.0031112 3 1 0
0.00439109 0.358682 0.00310026 3 1 0
0.00438932 0.359032 0.00308923 3 1 0
0.00438755 0.359378 0.00307832 3 1 0
0.00438578 0.359724 0.00306742 3 1 0
0.004384 0.360072 0.00305653 3 1 0
0.00438223 0.36042 0.00304566 3 1 0
0.00438045 0.360769 0.0030348 3 1 0
0.00437867 0.36112 0.00302398 3 1 0
0.00437689 0.361471 0.00301315 3 1 0
0.0043751 0.361822 0.00300233 3 1 0
0.00437331 0.362175 0.00299158 3 1 0
0.00437153 0.362527 0.00298079 3 1 0
0.00436974 0.36288 0.00297002 3 1 0
0.00436795 0.363234 0.00295939 3 1 0
0.00436615 0.363589 0.00294865 3 1 0
0.00436436 0.363943 0.00293793 3 1 0
0.00436256 0.364302 0.00292715 3 1 0
0.00436077 0.364658 0.00291647 3 1 0
0.00435897 0.365015 0.00290581 3 1 0
0.00435717 0.36538 0.00289519 3 1 0
0.00435537 0.365739 0.00288457 3 1 0
0.00435357 0.366098 0.00287397 3 1 0
0.00435177 0.366456 0.00286341 3 1 0
0.00434996 0.36682 0.00285286 3 1 0
0.00434816 0.367184 0.00284232 3 1 0
0.00434635 0.367546 0.00283187 3 1 0
0.00434454 0.367911 0.00282138 3 1 0
0.00434274 0.368277 0.00281091 3 1 0
0.00434093 0.368638 0.00280067 3 1 0
0.00433912 0.369006 0.00279023 3 1 0
0.00433731 0.369373 0.00277982 3 1 0
0.0043355 0.369737 0.00276936 3 1 0
0.00433369 0.370102 0.002759 3 1 0
0.00433188 0.37047 0.00274866 3 1 0
0.00433007 0.370839 0.00273841 3 1 0
0.00432825 0.371207 0.00272813 3 1 0
0.00432644 0.371578 0.00271787 3 1 0
0.00432463 0.371953 0.00270771 3 1 0
0.00432281 0.372324 0.00269753 3 1 0
0.004321 0.372696 0.00268737 3 1 0
0.00431918 0.373067 0.00267709 3 1 0
0.00431737 0.373439 0.00266698 3 1 0
