0.0042 0.40702 0.00187149 4 1 0
0.00418941 0.410144 0.00182298 3 1 0
0.00420583 0.40658 0.00189028 3 1 0
0.00420697 0.406342 0.00189516 3 1 0
0.00420839 0.406034 0.00190108 3 1 0
0.00420981 0.405725 0.00190701 3 1 0
0.00421123 0.405414 0.00191297 3 1 0
0.00421264 0.405105 0.00191896 3 1 0
0.00421406 0.404795 0.00192497 3 1 0
0.00421548 0.404492 0.001931 3 1 0
0.0042169 0.404182 0.00193706 3 1 0
0.00421833 0.403872 0.00194314 3 1 0
0.00421975 0.403564 0.00194924 3 1 0
0.00422117 0.403254 0.00195537 3 1 0
0.00422259 0.402944 0.00196152 3 1 0
0.00422402 0.402636 0.00196772 3 1 0
0.00422544 0.402326 0.00197391 3 1 0
0.00422687 0.402015 0.00198013 3 1 0
0.00422829 0.401708 0.00198638 3 1 0
0.00422972 0.401397 0.00199264 3 1 0
0.00423115 0.401086 0.00199892 3 1 0
0.00423257 0.400779 0.00200523 3 1 0
0.004234 0.400468 0.00201155 3 1 0
0.00423543 0.400157 0.0020179 3 1 0
0.00423685 0.39985 0.00202426 3 1 0
0.00423828 0.39954 0.00203065 3 1 0
0.00423971 0.39923 0.00203706 3 1 0
0.00424114 0.39892 0.00204351 3 1 0
0.00424256 0.39861 0.00204996 3 1 0
0.00424399 0.398299 0.00205644 3 1 0
0.00424542 0.397989 0.00206296 3 1 0
0.00424684 0.397679 0.00206947 3 1 0
0.00424827 0.397369 0.00207601 3 1 0
0.0042497 0.397059 0.0020826 3 1 0
0.00425112 0.396749 0.00208917 3 1 0
0.00425255 0.396439 0.00209577 3 1 0
0.00425397 0.396129 0.00210237 3 1 0
0.0042554 0.395819 0.00210901 3 1 0
0.00425682 0.39551 0.00211566 3 1 0
0.00425825 0.395201 0.00212235 3 1 0
0.00425967 0.394892 0.00212904 3 1 0
0.00426109 0.394583 0.00213575 3 1 0
0.00426252 0.394274 0.00214253 3 1 0
0.00426394 0.393965 0.00214928 3 1 0
0.00426536 0.393656 0.00215604 3 1 0
0.00426678 0.393347 0.00216284 3 1 0
0.0042682 0.393039 0.00216964 3 1 0
0.00426961 0.392731 0.00217646 3 1 0
0.00427103 0.392423 0.0021833 3 1 0
0.00427244 0.392115 0.00219015 3 1 0
0.00427386 0.391808 0.00219703 3 1 0
0.00427527 0.391501 0.0022039 3 1 0
0.00427668 0.391194 0.00221081 3 1 0
0.0042781 0.390887 0.00221774 3 1 0
0.0042795 0.39058 0.00222472 3 1 0
0.00428091 0.390274 0.00223168 3 1 0
0.00428232 0.389968 0.00223865 3 1 0
0.00428372 0.389663 0.00224565 3 1 0
0.00428513 0.389357 0.00225265 3 1 0
0.00428653 0.389052 0.00225967 3 1 0
0.00428793 0.388747 0.00226671 3 1 0
0.00428933 0.388443 0.00227376 3 1 0
0.00429073 0.388138 0.00228083 3 1 0
0.00429212 0.387834 0.0022879 3 1 0
0.00429351 0.387531 0.002295 3 1 0
0.00429491 0.387227 0.00230211 3 1 0
0.00429629 0.386922 0.00230923 3 1 0
0.00429768 0.386619 0.00231637 3 1 0
0.00429907 0.386316 0.00232352 3 1 0
0.00430045 0.386023 0.00233068 3 1 0
0.00430183 0.385722 0.00233785 3 1 0
0.00430321 0.385422 0.00234504 3 1 0
0.00430458 0.385121 0.00235223 3 1 0
0.00430596 0.384821 0.00235944 3 1 0
0.00430733 0.384521 0.00236666 3 1 0
0.0043087 0.384227 0.0023739 3 1 0
0.00431006 0.383929 0.00238114 3 1 0
0.00431143 0.383631 0.00238839 3 1 0
0.00431279 0.383331 0.00239565 3 1 0
0.00431414 0.383034 0.00240292 3 1 0
0.0043155 0.382738 0.00241019 3 1 0
0.00431685 0.382449 0.00241748 3 1 0
0.0043182 0.382155 0.00242477 3 1 0
0.00431954 0.381861 0.00243207 3 1 0
0.00432089 0.381567 0.00243938 3 1 0
0.00432223 0.381274 0.0024467 3 1 0
0.00432356 0.380982 0.00245402 3 1 0
0.00432489 0.380691 0.00246137 3 1 0
0.00432622 0.3804 0.0024687 3 1 0
0.00432755 0.380109 0.00247604 3 1 0
0.00432887 0.379824 0.00248344 3 1 0
0.00433019 0.379535 0.00249079 3 1 0
0.0043315 0.379247 0.00249815 3 1 0
0.00433281 0.37896 0.00250549 3 1 0
0.00433412 0.378673 0.00251285 3 1 0
0.00433542 0.378387 0.00252021 3 1 0
0.00433671 0.3781 0.00252751 3 1 0
0.00433801 0.377816 0.00253488 3 1 0
0.0043393 0.377532 0.00254224 3 1 0
0.00434058 0.377251 0.0025496 3 1 0
0.00434186 0.376969 0.00255696 3 1 0
0.00434314 0.376689 0.00256432 3 1 0
0.00434441 0.376412 0.00257163 3 1 0
0.00434567 0.376135 0.00257899 3 1 0
0.00434693 0.375859 0.00258634 3 1 0
0.00434819 0.375585 0.00259365 3 1 0
0.00434944 0.37531 0.00260099 3 1 0
0.00435069 0.375037 0.00260833 3 1 0
0.00435193 0.374764 0.00261565 3 1 0
0.00435316 0.374492 0.00262297 3 1 0
0.00435439 0.374222 0.00263028 3 1 0
0.00435561 0.373951 0.00263759 3 1 0
0.00435683 0.373682 0.00264489 3 1 0
0.00435804 0.373415 0.00265218 3 1 0
0.00435925 0.37315 0.00265943 3 1 0
0.00436045 0.372885 0.0026667 3 1 0
0.00436164 0.372621 0.00267395 3 1 0
0.00436283 0.372358 0.00268118 3 1 0
0.00436401 0.372097 0.0026884 3 1 0
0.00436518 0.371836 0.00269561 3 1 0
0.00436635 0.371577 0.0027028 3 1 0
0.00436751 0.37132 0.00270997 3 1 0
0.00436866 0.371063 0.00271713 3 1 0
0.00436981 0.370808 0.00272427 3 1 0
0.00437095 0.370554 0.00273139 3 1 0
0.00437208 0.370302 0.00273849 3 1 0
0.0043732 0.37005 0.00274556 3 1 0
0.00437432 0.3698 0.00275261 3 1 0
0.00437542 0.369552 0.00275963 3 1 0
0.00437652 0.3693 0.00276665 3 1 0
0.00437761 0.369056 0.00277362 3 1 0
0.0043787 0.368814 0.00278056 3 1 0
0.00437977 0.368577 0.00278748 3 1 0
0.00438084 0.368337 0.00279436 3 1 0
0.00438189 0.368098 0.00280122 3 1 0
0.00438294 0.367861 0.00280804 3 1 0
0.00438398 0.367626 0.00281484 3 1 0
0.00438501 0.367392 0.00282159 3 1 0
0.00438603 0.367161 0.00282832 3 1 0
0.00438704 0.366933 0.002835 3 1 0
0.00438804 0.366707 0.00284164 3 1 0
0.00438903 0.366484 0.00284824 3 1 0
0.00439001 0.36626 0.0028548 3 1 0
0.00439097 0.366039 0.00286132 3 1 0
0.00439193 0.365821 0.0028678 3 1 0
0.00439288 0.365603 0.00287423 3 1 0
0.00439382 0.365388 0.00288061 3 1 0
0.00439474 0.365177 0.00288692 3 1 0
0.00439565 0.364966 0.0028932 3 1 0
0.00439655 0.364757 0.00289943 3 1 0
0.00439744 0.364554 0.0029056 3 1 0
0.00439832 0.36435 0.00291172 3 1 0
0.00439918 0.364148 0.00291777 3 1 0
0.00440004 0.36395 0.00292375 3 1 0
0.00440087 0.363753 0.00292969 3 1 0
0.0044017 0.363559 0.00293556 3 1 0
0.00440251 0.363368 0.00294136 3 1 0
0.00440331 0.363179 0.00294709 3 1 0
0.0044041 0.362993 0.00295276 3 1 0
0.00440487 0.362808 0.00295836 3 1 0
0.00440562 0.362629 0.00296388 3 1 0
0.00440637 0.362452 0.00296932 3 1 0
0.00440709 0.362281 0.00297472 3 1 0
0.0044078 0.362109 0.00298001 3 1 0
0.0044085 0.361941 0.00298521 3 1 0
0.00440918 0.361772 0.00299033 3 1 0
0.00440985 0.36161 0.00299537 3 1 0
0.0044105 0.361451 0.00300033 3 1 0
0.00441113 0.361292 0.0030052 3 1 0
0.00441175 0.36114 0.00300997 3 1 0
0.00441234 0.36099 0.00301465 3 1 0
0.00441293 0.360843 0.00301924 3 1 0
0.00441349 0.3607 0.00302372 3 1 0
0.00441404 0.36056 0.00302811 3 1 0
0.00441457 0.360427 0.00303239 3 1 0
0.00441508 0.360294 0.00303657 3 1 0
0.00441557 0.360165 0.00304064 3 1 0
0.00441604 0.360038 0.00304463 3 1 0
0.0044165 0.359917 0.00304848 3 1 0
0.00441693 0.359799 0.00305222 3 1 0
0.00441735 0.359688 0.00305586 3 1 0
0.00441774 0.359578 0.00305937 3 1 0
0.00441812 0.359472 0.00306276 3 1 0
0.00441848 0.359372 0.00306604 3 1 0
0.00441881 0.359274 0.00306919 3 1 0
0.00441913 0.35918 0.00307221 3 1 0
0.00441942 0.359089 0.00307512 3 1 0
0.00441969 0.359003 0.00307788 3 1 0
0.00441994 0.358921 0.00308052 3 1 0
0.00442017 0.358844 0.00308307 3 1 0
0.00442038 0.358771 0.00308544 3 1 0
0.00442057 0.358702 0.00308767 3 1 0
0.00442073 0.35864 0.00308975 3 1 0
0.00442088 0.35858 0.00309171 3 1 0
0.004421 0.358525 0.00309353 3 1 0
0.00442109 0.358472 0.00309525 3 1 0
0.00442117 0.358425 0.00309679 3 1 0
0.00442122 0.358383 0.00309818 3 1 0
0.00442125 0.358346 0.00309953 3 1 0
0.00442126 0.358313 0.00310063 3 1 0
0.00442124 0.358285 0.00310158 3 1 0
0.0044212 0.358263 0.00310239 3 1 0
0.00442114 0.358244 0.00310305 3 1 0
0.00442105 0.35823 0.00310356 3 1 0
0.00442094 0.358221 0.00310393 3 1 0
0.00442081 0.358216 0.00310414 3 1 0
0.00442065 0.358216 0.0031042 3 1 0
0.00442047 0.35822 0.00310415 3 1 0
0.00442027 0.358229 0.00310391 3 1 0
0.00442004 0.358243 0.00310352 3 1 0
0.0044198 0.358262 0.00310292 3 1 0
0.00441952 0.358286 0.00310223 3 1 0
0.00441923 0.358314 0.00310139 3 1 0
0.00441891 0.358345 0.00310032 3 1 0
0.00441857 0.358383 0.00309918 3 1 0
0.00441821 0.358425 0.00309789 3 1 0
0.00441782 0.35847 0.00309635 3 1 0
0.00441741 0.358521 0.00309477 3 1 0
0.00441698 0.358577 0.00309304 3 1 0
0.00441653 0.358638 0.00309114 3 1 0
0.00441605 0.358703 0.00308911 3 1 0
0.00441555 0.358772 0.00308695 3 1 0
0.00441504 0.358846 0.00308465 3 1 0
0.0044145 0.358924 0.0030822 3 1 0
0.00441393 0.359007 0.00307962 3 1 0
0.00441335 0.359095 0.00307688 3 1 0
0.00441275 0.359188 0.00307403 3 1 0
0.00441213 0.359285 0.00307104 3 1 0
0.00441148 0.359385 0.00306789 3 1 0
0.00441082 0.359491 0.00306464 3 1 0
0.00441014 0.359601 0.00306126 3 1 0
0.00440943 0.359717 0.00305775 3 1 0
0.00440871 0.359833 0.00305412 3 1 0
0.00440797 0.359954 0.00305036 3 1 0
0.00440721 0.36008 0.00304648 3 1 0
0.00440643 0.360208 0.00304248 3 1 0
0.00440563 0.360341 0.00303837 3 1 0
0.00440482 0.360483 0.00303413 3 1 0
0.00440399 0.360623 0.00302979 3 1 0
0.00440314 0.360767 0.00302534 3 1 0
0.00440227 0.360913 0.00302078 3 1 0
0.00440139 0.361066 0.00301611 3 1 0
0.00440049 0.361223 0.00301134 3 1 0
0.00439958 0.361385 0.00300647 3 1 0
0.00439864 0.361549 0.0030015 3 1 0
0.0043977 0.361716 0.00299643 3 1 0
0.00439674 0.361887 0.00299126 3 1 0
0.00439576 0.36206 0.002986 3 1 0
0.00439477 0.362237 0.00298065 3 1 0
0.00439376 0.362416 0.00297522 3 1 0
0.00439274 0.362599 0.0029697 3 1 0
0.00439171 0.362785 0.00296409 3 1 0
0.00439066 0.36297 0.00295839 3 1 0
0.0043896 0.363163 0.00295262 3 1 0
0.00438852 0.363358 0.00294677 3 1 0
0.00438744 0.363558 0.00294084 3 1 0
0.00438634 0.363759 0.00293484 3 1 0
0.00438523 0.363963 0.00292877 3 1 0
0.0043841 0.364165 0.00292263 3 1 0
0.00438297 0.364375 0.00291642 3 1 0
0.00438182 0.364588 0.00291014 3 1 0
0.00438066 0.364797 0.00290379 3 1 0
0.00437949 0.365015 0.00289738 3 1 0
0.00437831 0.365236 0.00289092 3 1 0
0.00437712 0.365457 0.00288439 3 1 0
0.00437592 0.365682 0.00287781 3 1 0
0.00437471 0.36591 0.00287117 3 1 0
0.00437349 0.366136 0.00286449 3 1 0
0.00437226 0.366369 0.00285774 3 1 0
0.00436625 0.367512 0.00282479 3 1 0
0.00436497 0.367753 0.00281779 3 1 0
0.00436367 0.368 0.00281073 3 1 0
0.00436238 0.368249 0.00280364 3 1 0
0.00436107 0.368495 0.00279651 3 1 0
0.00435976 0.368748 0.00278935 3 1 0
0.00435844 0.369003 0.00278214 3 1 0
0.00435711 0.369259 0.00277493 3 1 0
0.00435577 0.369517 0.00276766 3 1 0
0.00435443 0.369777 0.00276035 3 1 0
0.00435308 0.370036 0.00275306 3 1 0
0.00435172 0.3703 0.0027457 3 1 0
0.00435036 0.370565 0.00273831 3 1 0
0.00434899 0.370828 0.00273087 3 1 0
0.00434762 0.371097 0.00272343 3 1 0
0.00434624 0.371367 0.00271597 3 1 0
0.00434485 0.371635 0.00270849 3 1 0
0.00434346 0.371909 0.00270098 3 1 0
0.00434206 0.372184 0.00269345 3 1 0
0.00434066 0.372459 0.00268593 3 1 0
0.00433925 0.372737 0.00267837 3 1 0
0.00433784 0.373016 0.00267078 3 1 0
0.00433642 0.373294 0.00266324 3 1 0
0.004335 0.373576 0.00265562 3 1 0
0.00433357 0.37386 0.00264799 3 1 0
0.00433214 0.374138 0.00264031 3 1 0
0.0043307 0.374425 0.00263265 3 1 0
0.00432926 0.374712 0.00262498 3 1 0
0.00432781 0.374999 0.00261732 3 1 0
0.00432636 0.375289 0.00260963 3 1 0
0.00432491 0.37558 0.00260193 3 1 0
0.00432345 0.375872 0.00259425 3 1 0
0.00432199 0.376165 0.00258653 3 1 0
0.00432052 0.37646 0.00257881 3 1 0
0.00431905 0.376754 0.00257123 3 1 0
0.00431758 0.37705 0.00256349 3 1 0
0.0043161 0.377348 0.00255575 3 1 0
0.00431462 0.377637 0.00254792 3 1 0
0.00431314 0.377937 0.00254017 3 1 0
0.00431166 0.378238 0.00253242 3 1 0
0.00431017 0.378543 0.00252474 3 1 0
0.00430868 0.378846 0.00251699 3 1 0
0.00430718 0.37915 0.00250923 3 1 0
0.00430569 0.379451 0.00250156 3 1 0
0.00430419 0.379757 0.00249382 3 1 0
0.00430269 0.380063 0.00248609 3 1 0
0.00430118 0.380369 0.00247827 3 1 0
0.00429967 0.380677 0.00247054 3 1 0
0.00429817 0.380986 0.00246281 3 1 0
0.00429665 0.381288 0.00245514 3 1 0
0.00429514 0.381597 0.0024474 3 1 0
0.00429363 0.381909 0.00243967 3 1 0
0.00429211 0.382223 0.00243185 3 1 0
0.00429059 0.382537 0.00242413 3 1 0
0.00428907 0.382851 0.00241642 3 1 0
0.00428755 0.383158 0.00240871 3 1 0
0.00428602 0.383474 0.00240101 3 1 0
0.0042845 0.383791 0.00239332 3 1 0
0.00428297 0.384104 0.00238567 3 1 0
0.00428144 0.384422 0.002378 3 1 0
0.00427991 0.384741 0.00237034 3 1 0
0.00427838 0.385057 0.00236268 3 1 0
0.00427685 0.385374 0.00235504 3 1 0
0.00427531 0.385694 0.0023474 3 1 0
0.00427378 0.386013 0.00233978 3 1 0
0.00427224 0.386334 0.00233217 3 1 0
0.00427071 0.386657 0.00232457 3 1 0
0.00426917 0.386976 0.00231699 3 1 0
0.00426763 0.387298 0.00230942 3 1 0
0.00426609 0.387622 0.00230186 3 1 0
0.00426455 0.387946 0.00229432 3 1 0
0.00426301 0.388268 0.00228679 3 1 0
0.00426147 0.388591 0.00227927 3 1 0
0.00425993 0.388916 0.00227177 3 1 0
0.00425839 0.38924 0.00226428 3 1 0
0.00425685 0.389568 0.00225681 3 1 0
0.0042553 0.389891 0.00224935 3 1 0
0.00425376 0.39022 0.00224191 3 1 0
0.00425222 0.390548 0.00223448 3 1 0
0.00425068 0.390878 0.00222707 3 1 0
0.00424913 0.391207 0.00221967 3 1 0
0.00424759 0.391536 0.00221229 3 1 0
0.00424605 0.391864 0.00220493 3 1 0
0.00424451 0.392194 0.00219759 3 1 0
0.00424296 0.392523 0.00219026 3 1 0
0.00424142 0.392852 0.00218299 3 1 0
0.00423988 0.393182 0.00217569 3 1 0
0.00423834 0.393512 0.00216841 3 1 0
0.0042368 0.393841 0.00216113 3 1 0
0.00423526 0.394172 0.00215389 3 1 0
0.00423372 0.394503 0.00214667 3 1 0
0.00423218 0.394834 0.00213947 3 1 0
0.00423064 0.395166 0.00213229 3 1 0
0.0042291 0.395497 0.00212513 3 1 0
0.00422757 0.395828 0.00211799 3 1 0
0.00422603 0.39616 0.00211087 3 1 0
0.00422449 0.396491 0.00210377 3 1 0
0.00422296 0.396822 0.00209672 3 1 0
0.00422143 0.397154 0.00208965 3 1 0
0.00421989 0.397485 0.00208261 3 1 0
0.00421836 0.397821 0.0020756 3 1 0
0.00421683 0.398153 0.0020686 3 1 0
0.0042153 0.398485 0.00206162 3 1 0
0.00421378 0.398816 0.00205468 3 1 0
0.00421225 0.399148 0.00204774 3 1 0
0.00421073 0.399479 0.00204083 3 1 0
0.0042092 0.399813 0.00203396 3 1 0
0.00420768 0.400149 0.00202709 3 1 0
0.00420616 0.400483 0.00202025 3 1 0
0.00420464 0.40082 0.00201348 3 1 0
0.00420313 0.401155 0.00200668 3 1 0
0.00420161 0.401489 0.0019999 3 1 0
0.0042001 0.401821 0.00199327 3 1 0
0.00419858 0.402155 0.00198655 3 1 0
0.00419708 0.402489 0.00197986 3 1 0
0.00419557 0.402823 0.0019732 3 1 0
0.00419406 0.403156 0.00196653 3 1 0
0.00419256 0.403489 0.00195989 3 1 0
0.00419106 0.403823 0.00195322 3 1 0
0.00418956 0.404156 0.00194663 3 1 0
0.00418806 0.404489 0.00194007 3 1 0
0.00418657 0.404821 0.0019335 3 1 0
0.00418507 0.405154 0.00192699 3 1 0
0.00418358 0.405486 0.0019205 3 1 0
0.0041821 0.405819 0.00191401 3 1 0
0.00418061 0.406151 0.00190758 3 1 0
0.00417913 0.406483 0.00190117 3 1 0
0.00417765 0.406815 0.00189477 3 1 0
0.00417617 0.407147 0.00188841 3 1 0
0.0041747 0.407478 0.00188209 3 1 0
0.00417323 0.407809 0.00187579 3 1 0
0.00417176 0.408139 0.00186951 3 1 0
0.00417029 0.408469 0.00186327 3 1 0
0.00416883 0.408801 0.00185706 3 1 0
0.00416737 0.409131 0.00185087 3 1 0
0.00416592 0.40946 0.0018447 3 1 0
0.00416446 0.409788 0.00183856 3 1 0
0.00416301 0.410116 0.00183245 3 1 0
0.00416157 0.410443 0.00182636 3 1 0
0.00416012 0.410774 0.00182028 3 1 0
0.00415869 0.411101 0.00181425 3 1 0
0.00415725 0.411427 0.00180825 3 1 0
0.00415582 0.411752 0.00180229 3 1 0
0.00415439 0.412077 0.00179635 3 1 0
0.00415296 0.412402 0.00179043 3 1 0
0.00415154 0.412726 0.00178456 3 1 0
0.00415013 0.413051 0.0017787 3 1 0
0.00414871 0.413378 0.00177287 3 1 0
0.00414731 0.4137 0.00176704 3 1 0
0.0041459 0.414023 0.00176126 3 1 0
0.0041445 0.414348 0.00175552 3 1 0
0.0041431 0.414673 0.00174979 3 1 0
0.00414171 0.414996 0.0017441 3 1 0
0.00414033 0.415318 0.00173844 3 1 0
0.00413894 0.415634 0.00173281 3 1 0
0.00413757 0.415955 0.00172722 3 1 0
0.00413619 0.416276 0.00172165 3 1 0
0.00413482 0.41659 0.00171611 3 1 0
0.00413346 0.416907 0.00171061 3 1 0
0.0041321 0.417226 0.00170513 3 1 0
0.00413075 0.417546 0.00169968 3 1 0
0.0041294 0.417862 0.00169427 3 1 0
0.00412805 0.418178 0.00168888 3 1 0
0.00412671 0.418492 0.00168353 3 1 0
0.00412538 0.418806 0.0016782 3 1 0
0.00412405 0.419119 0.00167291 3 1 0
0.00412273 0.419426 0.00166765 3 1 0
0.00412141 0.419738 0.00166242 3 1 0
0.0041201 0.420049 0.00165723 3 1 0
0.0041188 0.420355 0.00165207 3 1 0
0.0041175 0.420664 0.00164694 3 1 0
0.0041162 0.420972 0.00164184 3 1 0
0.00411492 0.421269 0.00163677 3 1 0
0.00411363 0.421576 0.00163174 3 1 0
0.00411236 0.421881 0.00162674 3 1 0
0.00411109 0.422186 0.00162176 3 1 0
0.00410983 0.422489 0.00161683 3 1 0
0.00410857 0.42279 0.00161192 3 1 0
0.00410732 0.423089 0.00160706 3 1 0
0.00410608 0.423388 0.00160223 3 1 0
0.00410484 0.423685 0.00159742 3 1 0
0.00410361 0.423979 0.00159265 3 1 0
0.00410239 0.424274 0.00158792 3 1 0
0.00410117 0.424568 0.00158322 3 1 0
0.00409997 0.424856 0.00157856 3 1 0
0.00409877 0.425147 0.00157393 3 1 0
0.00409757 0.425438 0.00156933 3 1 0
0.0040987 0.425158 0.00157367 3 1 0
0.00409751 0.425449 0.00156908 3 1 0
0.00409632 0.425738 0.00156452 3 1 0
0.00409514 0.426026 0.00156 3 1 0
0.00409397 0.426312 0.00155552 3 1 0
0.00409281 0.426596 0.00155107 3 1 0
0.00409165 0.426872 0.00154666 3 1 0
0.00409051 0.427151 0.00154228 3 1 0
0.00408937 0.42743 0.00153794 3 1 0
0.00408824 0.427711 0.00153363 3 1 0
0.00408712 0.427985 0.00152936 3 1 0
0.00408601 0.428258 0.00152512 3 1 0
0.0040849 0.428534 0.00152094 3 1 0
0.00408381 0.428804 0.00151678 3 1 0
0.00408272 0.429071 0.00151266 3 1 0
0.00408164 0.429342 0.00150859 3 1 0
0.00408058 0.429607 0.00150455 3 1 0
0.00407952 0.429869 0.00150054 3 1 0
0.00407847 0.430136 0.00149659 3 1 0
0.00407743 0.430395 0.00149266 3 1 0
0.0040764 0.430652 0.00148876 3 1 0
0.00407537 0.430908 0.00148491 3 1 0
0.00407436 0.431161 0.0014811 3 1 0
0.00407336 0.431412 0.00147733 3 1 0
0.00407237 0.431664 0.00147361 3 1 0
0.00407139 0.431911 0.00146991 3 1 0
0.00407042 0.432156 0.00146626 3 1 0
0.00406946 0.432402 0.00146268 3 1 0
0.00406851 0.432643 0.00145911 3 1 0
0.00406757 0.432881 0.00145558 3 1 0
0.00406665 0.433119 0.00145212 3 1 0
0.00406573 0.433353 0.00144867 3 1 0
0.00406482 0.433584 0.00144526 3 1 0
0.00406393 0.433816 0.0014419 3 1 0
0.00406305 0.434043 0.00143858 3 1 0
0.00406218 0.434267 0.0014353 3 1 0
0.00406132 0.434492 0.0014321 3 1 0
0.00406047 0.434711 0.00142891 3 1 0
0.00405963 0.434928 0.00142576 3 1 0
0.00405881 0.435143 0.00142267 3 1 0
0.004058 0.435355 0.00141961 3 1 0
0.0040572 0.435564 0.0014166 3 1 0
0.00405641 0.435771 0.00141365 3 1 0
0.00405564 0.435975 0.00141071 3 1 0
0.00405488 0.436175 0.00140783 3 1 0
0.00405413 0.436382 0.00140497 3 1 0
0.00405339 0.436578 0.00140217 3 1 0
0.00405267 0.436771 0.00139942 3 1 0
0.00405196 0.436962 0.00139672 3 1 0
0.00405126 0.437149 0.00139407 3 1 0
0.00405058 0.437334 0.00139145 3 1 0
0.00404991 0.437512 0.00138883 3 1 0
0.00404926 0.43769 0.00138631 3 1 0
0.00404862 0.437864 0.00138384 3 1 0
0.00404799 0.438043 0.00138149 3 1 0
0.00404738 0.438212 0.00137911 3 1 0
0.00404678 0.438378 0.00137678 3 1 0
0.00404619 0.438544 0.00137446 3 1 0
0.00404562 0.438703 0.00137223 3 1 0
0.00404507 0.43886 0.00137004 3 1 0
0.00404453 0.439008 0.0013678 3 1 0
0.004044 0.439157 0.00136571 3 1 0
0.00404349 0.439304 0.00136366 3 1 0
0.00404299 0.439453 0.00136175 3 1 0
0.00404251 0.439593 0.0013598 3 1 0
0.00404204 0.439729 0.00135791 3 1 0
0.00404159 0.439866 0.00135606 3 1 0
0.00404115 0.439996 0.00135426 3 1 0
0.00404073 0.440122 0.00135251 3 1 0
0.00404033 0.440245 0.00135085 3 1 0
0.00403994 0.440364 0.0013492 3 1 0
0.00403957 0.440479 0.0013476 3 1 0
0.00403921 0.440591 0.00134602 3 1 0
0.00403886 0.440699 0.00134452 3 1 0
0.00403854 0.440804 0.00134307 3 1 0
0.00403823 0.440909 0.00134164 3 1 0
0.00403793 0.441006 0.00134029 3 1 0
0.00403765 0.4411 0.00133899 3 1 0
0.00403739 0.441192 0.00133777 3 1 0
0.00403714 0.441278 0.00133657 3 1 0
0.00403691 0.441361 0.00133543 3 1 0
0.0040367 0.441438 0.00133435 3 1 0
0.0040365 0.441513 0.00133331 3 1 0
0.00403632 0.441584 0.00133232 3 1 0
0.00403615 0.441655 0.00133134 3 1 0
0.004036 0.441719 0.00133045 3 1 0
0.00403587 0.441779 0.00132961 3 1 0
0.00403576 0.441837 0.00132882 3 1 0
0.00403566 0.44189 0.00132808 3 1 0
0.00403557 0.441939 0.0013274 3 1 0
0.0040355 0.441978 0.00132682 3 1 0
0.00403545 0.442019 0.00132623 3 1 0
0.00403542 0.442056 0.0013257 3 1 0
0.0040354 0.442095 0.00132517 3 1 0
0.0040354 0.442125 0.00132474 3 1 0
0.00403541 0.442151 0.00132436 3 1 0
0.00403544 0.44217 0.00132408 3 1 0
0.00403549 0.442188 0.00132381 3 1 0
0.00403555 0.442202 0.00132359 3 1 0
0.00403563 0.442209 0.00132342 3 1 0
0.00403573 0.442216 0.00132329 3 1 0
0.00403584 0.442219 0.00132321 3 1 0
0.00403597 0.442221 0.00132312 3 1 0
0.00403611 0.442216 0.00132315 3 1 0
0.00403627 0.442208 0.00132323 3 1 0
0.00403644 0.442195 0.00132335 3 1 0
0.00403664 0.442179 0.00132353 3 1 0
0.00403684 0.442159 0.00132376 3 1 0
0.00403707 0.442134 0.0013241 3 1 0
0.0040373 0.442107 0.00132443 3 1 0
0.00403756 0.442076 0.00132481 3 1 0
0.00403783 0.44204 0.00132512 3 1 0
0.00403811 0.442002 0.0013256 3 1 0
0.00403841 0.441961 0.00132612 3 1 0
0.00403873 0.441914 0.00132666 3 1 0
0.00403906 0.441866 0.00132728 3 1 0
0.0040394 0.441813 0.00132795 3 1 0
0.00403976 0.441755 0.00132866 3 1 0
0.00404014 0.441695 0.00132942 3 1 0
0.00404053 0.441632 0.00133023 3 1 0
0.00404093 0.44157 0.00133109 3 1 0
0.00404135 0.441499 0.00133199 3 1 0
0.00404178 0.441425 0.00133295 3 1 0
0.00404223 0.441353 0.00133396 3 1 0
0.00404269 0.441272 0.00133501 3 1 0
0.00404317 0.441188 0.0013361 3 1 0
0.00404366 0.441101 0.0013373 3 1 0
0.00404416 0.44101 0.00133849 3 1 0
0.00404468 0.440916 0.00133972 3 1 0
0.00404521 0.44082 0.00134103 3 1 0
0.00404575 0.440719 0.00134236 3 1 0
0.00404631 0.440615 0.00134373 3 1 0
0.00404688 0.440508 0.00134513 3 1 0
0.00404746 0.440398 0.00134659 3 1 0
0.00404806 0.440285 0.0013481 3 1 0
0.00404867 0.44017 0.00134964 3 1 0
0.00404929 0.44005 0.00135122 3 1 0
0.00404993 0.439928 0.00135284 3 1 0
0.00405058 0.439802 0.00135439 3 1 0
0.00405123 0.439674 0.0013561 3 1 0
0.00405191 0.439542 0.00135785 3 1 0
0.00405259 0.439407 0.00135963 3 1 0
0.00405329 0.43927 0.00136147 3 1 0
0.004054 0.43913 0.00136335 3 1 0
0.00405471 0.438984 0.00136528 3 1 0
0.00405545 0.438839 0.00136724 3 1 0
0.00405619 0.438691 0.00136925 3 1 0
0.00405694 0.438543 0.0013713 3 1 0
0.00405771 0.438389 0.00137339 3 1 0
0.00405848 0.438232 0.00137552 3 1 0
0.00405927 0.438073 0.00137771 3 1 0
0.00406007 0.437911 0.00137992 3 1 0
0.00406088 0.437747 0.00138217 3 1 0
0.0040617 0.43758 0.0013845 3 1 0
0.00406253 0.437411 0.00138683 3 1 0
0.00406337 0.437239 0.00138919 3 1 0
0.00406422 0.437064 0.00139161 3 1 0
0.00406508 0.436887 0.00139405 3 1 0
0.00406595 0.436708 0.00139653 3 1 0
0.00406683 0.436526 0.00139903 3 1 0
0.00406772 0.436342 0.00140159 3 1 0
0.00406862 0.436156 0.00140418 3 1 0
0.00406952 0.435967 0.00140685 3 1 0
0.00407044 0.435776 0.00140952 3 1 0
0.00407137 0.435582 0.00141223 3 1 0
0.00407231 0.435387 0.00141502 3 1 0
0.00407325 0.435189 0.0014178 3 1 0
0.00407421 0.434989 0.00142061 3 1 0
0.00407517 0.434787 0.00142347 3 1 0
0.00407614 0.434582 0.00142636 3 1 0
0.00407712 0.434376 0.00142928 3 1 0
0.00407811 0.434164 0.00143222 3 1 0
0.00407911 0.433953 0.00143521 3 1 0
0.00408011 0.43374 0.00143824 3 1 0
0.00408112 0.433526 0.00144137 3 1 0
0.00408214 0.433309 0.00144446 3 1 0
0.00408317 0.433093 0.0014476 3 1 0
0.00408421 0.432875 0.0014508 3 1 0
0.00408525 0.432652 0.001454 3 1 0
0.00408631 0.432428 0.00145723 3 1 0
0.00408736 0.432204 0.0014605 3 1 0
0.00408843 0.431979 0.00146381 3 1 0
0.0040895 0.431752 0.00146714 3 1 0
0.00409059 0.431525 0.00147047 3 1 0
0.00409167 0.431294 0.00147388 3 1 0
0.00409277 0.431062 0.00147732 3 1 0
0.00409387 0.430826 0.00148087 3 1 0
0.00409498 0.43059 0.00148437 3 1 0
0.00409609 0.430352 0.00148791 3 1 0
0.00409721 0.430113 0.00149148 3 1 0
0.00409834 0.429872 0.00149508 3 1 0
0.00409948 0.42963 0.00149871 3 1 0
0.00410062 0.429386 0.00150238 3 1 0
0.00410176 0.429141 0.00150607 3 1 0
0.00410292 0.428894 0.0015098 3 1 0
0.00410408 0.428646 0.00151356 3 1 0
0.00410524 0.428396 0.00151735 3 1 0
0.00410641 0.428145 0.00152118 3 1 0
0.00410759 0.427891 0.00152507 3 1 0
0.00410877 0.427638 0.00152896 3 1 0
0.00410996 0.427382 0.00153287 3 1 0
0.00411115 0.427126 0.00153684 3 1 0
0.00411235 0.426868 0.00154081 3 1 0
0.00411355 0.426608 0.00154482 3 1 0
0.00411476 0.426348 0.00154884 3 1 0
0.00411598 0.426086 0.00155291 3 1 0
0.0041172 0.425823 0.001557 3 1 0
0.00411842 0.425559 0.00156116 3 1 0
0.00411965 0.425294 0.00156531 3 1 0
0.00412089 0.425027 0.0015695 3 1 0
0.00412212 0.42476 0.00157375 3 1 0
0.00412337 0.424491 0.001578 3 1 0
0.00412462 0.424221 0.00158227 3 1 0
0.00412587 0.42395 0.00158659 3 1 0
0.00412713 0.423678 0.00159092 3 1 0
0.00412839 0.423405 0.00159528 3 1 0
0.00412965 0.423132 0.00159963 3 1 0
0.00413092 0.422857 0.00160405 3 1 0
0.0041322 0.422581 0.0016085 3 1 0
0.00413348 0.422304 0.00161306 3 1 0
0.00413476 0.422026 0.00161757 3 1 0
0.00413605 0.421747 0.0016221 3 1 0
0.00413734 0.421469 0.00162675 3 1 0
0.00413863 0.421188 0.00163134 3 1 0
0.00413993 0.420907 0.00163596 3 1 0
0.00414123 0.420624 0.00164057 3 1 0
0.00414254 0.42034 0.00164524 3 1 0
0.00414385 0.420055 0.00164995 3 1 0
0.00414516 0.419768 0.00165471 3 1 0
0.00414648 0.419481 0.00165947 3 1 0
0.0041478 0.419194 0.00166425 3 1 0
0.00414912 0.41891 0.00166909 3 1 0
0.00415045 0.418621 0.00167393 3 1 0
0.00415178 0.418331 0.00167879 3 1 0
0.00415311 0.418046 0.00168371 3 1 0
0.00415445 0.417755 0.00168863 3 1 0
0.00415578 0.417463 0.00169358 3 1 0
0.00415713 0.417174 0.00169855 3 1 0
0.00415847 0.416881 0.00170355 3 1 0
0.00415982 0.416587 0.00170858 3 1 0
0.00416117 0.416296 0.0017137 3 1 0
0.00416252 0.416002 0.00171878 3 1 0
0.00416388 0.415706 0.00172389 3 1 0
0.00416524 0.415406 0.00172903 3 1 0
0.0041666 0.415109 0.00173419 3 1 0
0.00416796 0.414813 0.00173938 3 1 0
0.00416933 0.414516 0.00174457 3 1 0
0.0041707 0.41422 0.00174982 3 1 0
0.00417207 0.413923 0.00175509 3 1 0
0.00417344 0.413623 0.00176035 3 1 0
0.00417482 0.413323 0.00176567 3 1 0
0.0041762 0.413025 0.00177102 3 1 0
0.00417758 0.412724 0.00177644 3 1 0
0.00417896 0.412425 0.00178184 3 1 0
0.00418034 0.412126 0.00178727 3 1 0
0.00418173 0.411821 0.00179274 3 1 0
0.00418312 0.411521 0.00179821 3 1 0
0.00418451 0.41122 0.00180371 3 1 0
0.0041859 0.410916 0.00180923 3 1 0
0.00418729 0.410612 0.00181478 3 1 0
0.00418869 0.410309 0.00182035 3 1 0
0.00419009 0.410008 0.00182594 3 1 0
0.00419149 0.409702 0.00183157 3 1 0
0.00419289 0.409396 0.00183722 3 1 0
0.00419429 0.409093 0.0018429 3 1 0
0.00419569 0.408787 0.00184861 3 1 0
0.0041971 0.408481 0.00185433 3 1 0
0.00419851 0.408178 0.00186008 3 1 0
0.00419991 0.407871 0.00186585 3 1 0
0.00420132 0.407563 0.00187165 3 1 0
0.00420273 0.407261 0.00187748 3 1 0
0.00420415 0.406953 0.00188333 3 1 0
0.00420556 0.406645 0.0018892 3 1 0
0.00420697 0.406341 0.00189514 3 1 0
0.00420839 0.406032 0.00190106 3 1 0
0.0042098 0.405723 0.00190701 3 1 0
0.00421122 0.405411 0.00191293 3 1 0
0.00421264 0.405103 0.00191892 3 1 0
0.00421406 0.404796 0.00192493 3 1 0
0.00421548 0.404487 0.00193098 3 1 0
0.0042169 0.404177 0.00193703 3 1 0
0.00421832 0.403868 0.00194312 3 1 0
0.00421974 0.403562 0.00194923 3 1 0
0.00422117 0.403252 0.00195536 3 1 0
0.00422259 0.402941 0.00196151 3 1 0
0.00422401 0.402631 0.0019677 3 1 0
0.00422544 0.402323 0.00197389 3 1 0
0.00422686 0.402014 0.00198011 3 1 0
0.00422829 0.401704 0.00198639 3 1 0
0.00422972 0.401393 0.00199265 3 1 0
0.00423114 0.401082 0.00199893 3 1 0
0.00423257 0.400774 0.00200531 3 1 0
0.004234 0.400462 0.00201163 3 1 0
0.00423542 0.400151 0.00201797 3 1 0
0.00423685 0.399845 0.00202439 3 1 0
0.00423828 0.399533 0.00203078 3 1 0
0.0042397 0.399222 0.00203718 3 1 0
0.00424113 0.398912 0.00204365 3 1 0
0.00424256 0.398601 0.0020501 3 1 0
0.00424399 0.39829 0.00205657 3 1 0
0.00424541 0.397982 0.00206308 3 1 0
0.00424684 0.39767 0.00206959 3 1 0
0.00424827 0.397361 0.00207612 3 1 0
0.00424969 0.397057 0.00208267 3 1 0
0.00425112 0.396746 0.00208924 3 1 0
0.00425255 0.396435 0.00209583 3 1 0
0.00425397 0.396126 0.00210246 3 1 0
0.0042554 0.395815 0.00210909 3 1 0
0.00425682 0.395505 0.00211574 3 1 0
0.00425824 0.395198 0.00212238 3 1 0
0.00425967 0.394888 0.00212907 3 1 0
0.00426109 0.394578 0.00213578 3 1 0
0.00426251 0.394272 0.00214248 3 1 0
0.00426393 0.393962 0.00214923 3 1 0
0.00426535 0.393653 0.002156 3 1 0
0.00426677 0.393345 0.00216284 3 1 0
0.00426819 0.393035 0.00216964 3 1 0
0.00426961 0.392726 0.00217646 3 1 0
0.00427103 0.392421 0.00218329 3 1 0
0.00427244 0.392112 0.00219015 3 1 0
0.00427386 0.391804 0.00219702 3 1 0
0.00427527 0.391498 0.00220391 3 1 0
0.00427668 0.39119 0.00221082 3 1 0
0.00427809 0.390883 0.00221774 3 1 0
0.0042795 0.390578 0.00222467 3 1 0
0.00428091 0.390271 0.00223163 3 1 0
0.00428232 0.389964 0.00223861 3 1 0
0.00428372 0.389661 0.00224561 3 1 0
0.00428512 0.389355 0.00225261 3 1 0
0.00428653 0.389049 0.00225964 3 1 0
0.00428793 0.388745 0.00226668 3 1 0
0.00428933 0.38844 0.00227373 3 1 0
0.00429072 0.388135 0.0022808 3 1 0
0.00429212 0.387833 0.00228788 3 1 0
0.00429351 0.387528 0.00229498 3 1 0
0.0042949 0.387225 0.00230209 3 1 0
0.00429629 0.386925 0.00230923 3 1 0
0.00429768 0.386622 0.00231637 3 1 0
0.00429906 0.38632 0.00232352 3 1 0
0.00430045 0.386019 0.00233069 3 1 0
0.00430183 0.385717 0.00233787 3 1 0
0.00430321 0.385416 0.00234506 3 1 0
0.00430458 0.38512 0.00235229 3 1 0
0.00430595 0.38482 0.00235951 3 1 0
0.00430733 0.384521 0.00236673 3 1 0
0.00430869 0.384224 0.00237397 3 1 0
0.00431006 0.383926 0.00238122 3 1 0
0.00431142 0.383628 0.00238848 3 1 0
0.00431278 0.383332 0.0023957 3 1 0
0.00431414 0.383036 0.00240298 3 1 0
0.0043155 0.382739 0.00241026 3 1 0
0.00431685 0.382443 0.00241749 3 1 0
0.0043182 0.382148 0.00242479 3 1 0
0.00431954 0.381853 0.0024321 3 1 0
0.00432088 0.381561 0.00243937 3 1 0
0.00432222 0.38127 0.00244669 3 1 0
0.00432356 0.380979 0.00245402 3 1 0
0.00432489 0.380691 0.00246134 3 1 0
0.00432622 0.380402 0.00246868 3 1 0
0.00432754 0.380113 0.00247602 3 1 0
0.00432886 0.37982 0.00248346 3 1 0
0.00433018 0.379533 0.00249082 3 1 0
0.0043315 0.379246 0.00249818 3 1 0
0.00433281 0.37896 0.00250545 3 1 0
0.00433411 0.378675 0.00251281 3 1 0
0.00433541 0.37839 0.00252017 3 1 0
0.00433671 0.378105 0.00252746 3 1 0
0.004338 0.377822 0.00253482 3 1 0
0.00433929 0.37754 0.00254218 3 1 0
0.00434058 0.37726 0.00254953 3 1 0
0.00434186 0.37698 0.00255688 3 1 0
0.00434313 0.3767 0.00256424 3 1 0
0.0043444 0.376416 0.0025716 3 1 0
0.00434567 0.376139 0.00257896 3 1 0
0.00434693 0.375862 0.00258631 3 1 0
0.00434819 0.375589 0.00259364 3 1 0
0.00434944 0.375314 0.00260098 3 1 0
0.00435068 0.37504 0.00260832 3 1 0
0.00435192 0.374767 0.00261563 3 1 0
0.00435316 0.374495 0.00262295 3 1 0
0.00435439 0.374224 0.00263026 3 1 0
0.00435561 0.373954 0.00263756 3 1 0
0.00435683 0.373685 0.00264486 3 1 0
0.00435804 0.373418 0.00265214 3 1 0
0.00435924 0.373151 0.00265943 3 1 0
0.00436044 0.372886 0.0026667 3 1 0
0.00436164 0.372622 0.00267395 3 1 0
0.00436282 0.372359 0.00268118 3 1 0
0.004364 0.372097 0.0026884 3 1 0
0.00436518 0.371837 0.00269561 3 1 0
0.00436635 0.371578 0.00270278 3 1 0
0.00436751 0.37132 0.00270996 3 1 0
0.00436866 0.371064 0.00271712 3 1 0
0.0043698 0.370809 0.00272426 3 1 0
0.00437094 0.370555 0.00273138 3 1 0
0.00437207 0.370303 0.00273847 3 1 0
0.0043732 0.370052 0.0027456 3 1 0
0.00437431 0.369803 0.00275266 3 1 0
0.00437542 0.369556 0.00275969 3 1 0
0.00437652 0.36931 0.00276664 3 1 0
0.00437761 0.369065 0.00277362 3 1 0
0.00437869 0.368823 0.00278057 3 1 0
0.00437977 0.368581 0.00278747 3 1 0
0.00438083 0.368342 0.00279437 3 1 0
0.00438189 0.368104 0.00280123 3 1 0
0.00438294 0.367868 0.00280806 3 1 0
0.00438398 0.367633 0.00281486 3 1 0
0.00438501 0.367401 0.00282162 3 1 0
0.00438602 0.36717 0.00282836 3 1 0
0.00438703 0.366941 0.00283505 3 1 0
0.00438803 0.366714 0.0028417 3 1 0
0.00438902 0.366489 0.00284826 3 1 0
0.00439 0.366265 0.00285482 3 1 0
0.00439097 0.366044 0.00286134 3 1 0
0.00439193 0.365826 0.00286782 3 1 0
0.00439288 0.365609 0.00287425 3 1 0
0.00439381 0.365394 0.00288063 3 1 0
0.00439474 0.365182 0.00288703 3 1 0
0.00439565 0.364972 0.00289331 3 1 0
0.00439655 0.364763 0.00289954 3 1 0
0.00439744 0.364557 0.00290563 3 1 0
0.00439832 0.364354 0.00291175 3 1 0
0.00439918 0.364152 0.00291781 3 1 0
0.00440003 0.363952 0.00292379 3 1 0
0.00440087 0.363755 0.00292972 3 1 0
0.0044017 0.363561 0.0029356 3 1 0
0.00440251 0.363368 0.00294142 3 1 0
0.00440331 0.363179 0.00294716 3 1 0
0.00440409 0.362993 0.00295283 3 1 0
0.00440487 0.362815 0.0029584 3 1 0
0.00440562 0.362635 0.00296393 3 1 0
0.00440636 0.362458 0.00296938 3 1 0
0.00440709 0.362277 0.00297476 3 1 0
0.0044078 0.362106 0.00298005 3 1 0
0.0044085 0.361938 0.00298527 3 1 0
0.00440918 0.361773 0.00299039 3 1 0
0.00440985 0.361611 0.00299544 3 1 0
0.00441049 0.361452 0.0030004 3 1 0
0.00441113 0.361296 0.00300546 3 1 0
0.00441174 0.361142 0.00301022 3 1 0
0.00441234 0.360992 0.0030149 3 1 0
0.00441292 0.360844 0.00301938 3 1 0
0.00441349 0.360701 0.00302388 3 1 0
0.00441404 0.360561 0.00302827 3 1 0
0.00441456 0.360432 0.00303266 3 1 0
0.00441508 0.360299 0.00303684 3 1 0
0.00441557 0.36017 0.00304091 3 1 0
0.00441604 0.360042 0.00304485 3 1 0
0.0044165 0.35992 0.0030487 3 1 0
0.00441693 0.359802 0.00305244 3 1 0
0.00441735 0.359691 0.00305602 3 1 0
0.00441774 0.359581 0.00305953 3 1 0
0.00441812 0.359475 0.00306293 3 1 0
0.00441848 0.359372 0.00306606 3 1 0
0.00441881 0.359274 0.00306921 3 1 0
0.00441913 0.35918 0.00307224 3 1 0
0.00441942 0.35909 0.00307514 3 1 0
0.00441969 0.359004 0.00307791 3 1 0
0.00441994 0.358922 0.00308055 3 1 0
0.00442017 0.358844 0.00308304 3 1 0
0.00442038 0.358771 0.00308541 3 1 0
0.00442057 0.358702 0.00308765 3 1 0
0.00442073 0.358639 0.00308972 3 1 0
0.00442088 0.358579 0.00309168 3 1 0
0.004421 0.358523 0.0030935 3 1 0
0.00442109 0.358473 0.0030952 3 1 0
0.00442117 0.358427 0.00309673 3 1 0
0.00442122 0.358385 0.00309813 3 1 0
0.00442125 0.358346 0.00309935 3 1 0
0.00442126 0.358313 0.00310045 3 1 0
0.00442124 0.358285 0.00310141 3 1 0
0.0044212 0.358263 0.0031022 3 1 0
0.00442114 0.358244 0.00310286 3 1 0
0.00442105 0.35823 0.00310337 3 1 0
0.00442094 0.358221 0.00310373 3 1 0
0.00442081 0.358216 0.00310394 3 1 0
0.00442065 0.358216 0.003104 3 1 0
0.00442047 0.35822 0.00310395 3 1 0
0.00442027 0.358229 0.00310371 3 1 0
0.00442005 0.358243 0.00310332 3 1 0
0.0044198 0.358263 0.00310272 3 1 0
0.00441952 0.358286 0.00310203 3 1 0
0.00441923 0.358314 0.00310118 3 1 0
0.00441891 0.358345 0.0031002 3 1 0
0.00441857 0.358383 0.00309905 3 1 0
0.00441821 0.358425 0.00309776 3 1 0
0.00441782 0.358466 0.00309633 3 1 0
0.00441741 0.358518 0.00309474 3 1 0
0.00441698 0.358575 0.003093 3 1 0
0.00441653 0.358639 0.00309117 3 1 0
0.00441605 0.358705 0.00308914 3 1 0
0.00441556 0.358776 0.00308698 3 1 0
0.00441504 0.358849 0.00308466 3 1 0
0.0044145 0.358928 0.00308222 3 1 0
0.00441394 0.359012 0.00307963 3 1 0
0.00441335 0.359101 0.00307691 3 1 0
0.00441275 0.359194 0.00307405 3 1 0
0.00441213 0.359291 0.00307106 3 1 0
0.00441148 0.359393 0.00306797 3 1 0
0.00441082 0.359498 0.00306471 3 1 0
0.00441014 0.359608 0.00306133 3 1 0
0.00440943 0.35972 0.00305785 3 1 0
0.00440871 0.359837 0.00305421 3 1 0
0.00440797 0.359958 0.00305045 3 1 0
0.00440721 0.360082 0.00304653 3 1 0
0.00440643 0.360211 0.00304253 3 1 0
0.00440564 0.360344 0.00303841 3 1 0
0.00440482 0.360479 0.00303424 3 1 0
0.00440399 0.360619 0.00302989 3 1 0
0.00440314 0.360764 0.00302544 3 1 0
0.00440228 0.360913 0.00302102 3 1 0
0.00440139 0.361064 0.00301635 3 1 0
0.00440049 0.361221 0.00301157 3 1 0
0.00439958 0.361383 0.0030066 3 1 0
0.00439865 0.361545 0.00300163 3 1 0
0.0043977 0.36171 0.00299655 3 1 0
0.00439674 0.36188 0.00299145 3 1 0
0.00439576 0.362052 0.00298619 3 1 0
0.00439477 0.362229 0.00298083 3 1 0
0.00439376 0.362408 0.00297545 3 1 0
0.00439274 0.362592 0.00296994 3 1 0
0.00439171 0.362779 0.00296434 3 1 0
0.00439066 0.362966 0.00295856 3 1 0
0.0043896 0.363157 0.0029528 3 1 0
0.00438853 0.363353 0.00294695 3 1 0
0.00438744 0.363553 0.00294098 3 1 0
0.00438634 0.363753 0.00293499 3 1 0
0.00438523 0.363955 0.00292892 3 1 0
0.00438411 0.364165 0.0029229 3 1 0
0.00438297 0.364373 0.0029167 3 1 0
0.00438182 0.364583 0.00291042 3 1 0
0.00438066 0.3648 0.00290407 3 1 0
0.0043795 0.365016 0.00289765 3 1 0
0.00437832 0.365234 0.00289118 3 1 0
0.00437713 0.365457 0.00288453 3 1 0
0.00437593 0.365681 0.00287795 3 1 0
0.00437471 0.365906 0.0028713 3 1 0
0.00437349 0.366142 0.0028646 3 1 0
0.00437226 0.366374 0.00285785 3 1 0
0.00436625 0.367509 0.00282487 3 1 0
0.00436497 0.367755 0.00281797 3 1 0
0.00436368 0.368001 0.00281091 3 1 0
0.00436238 0.36825 0.00280381 3 1 0
0.00436107 0.368499 0.00279661 3 1 0
0.00435976 0.368751 0.00278944 3 1 0
0.00435844 0.369006 0.00278223 3 1 0
0.00435711 0.369255 0.00277499 3 1 0
0.00435578 0.369514 0.00276772 3 1 0
0.00435443 0.369775 0.00276041 3 1 0
0.00435308 0.370035 0.00275314 3 1 0
0.00435173 0.370299 0.00274578 3 1 0
0.00435037 0.370564 0.00273838 3 1 0
0.004349 0.370829 0.00273107 3 1 0
0.00434762 0.371098 0.00272362 3 1 0
0.00434624 0.371368 0.00271615 3 1 0
0.00434486 0.371633 0.00270857 3 1 0
0.00434346 0.371907 0.00270106 3 1 0
0.00434207 0.372182 0.00269353 3 1 0
0.00434066 0.372454 0.00268597 3 1 0
0.00433926 0.372732 0.0026784 3 1 0
0.00433784 0.373012 0.00267082 3 1 0
0.00433642 0.373289 0.00266324 3 1 0
0.004335 0.373571 0.00265562 3 1 0
0.00433357 0.373855 0.00264799 3 1 0
0.00433214 0.374137 0.00264045 3 1 0
0.0043307 0.374424 0.00263279 3 1 0
0.00432926 0.374711 0.00262511 3 1 0
0.00432781 0.374999 0.00261736 3 1 0
0.00432636 0.375287 0.00260967 3 1 0
0.00432491 0.375575 0.00260197 3 1 0
0.00432345 0.375868 0.00259427 3 1 0
0.00432199 0.376159 0.00258655 3 1 0
0.00432053 0.376451 0.00257883 3 1 0
0.00431906 0.37675 0.00257112 3 1 0
0.00431758 0.377044 0.00256339 3 1 0
0.00431611 0.37734 0.00255565 3 1 0
0.00431463 0.37764 0.002548 3 1 0
0.00431315 0.377938 0.00254025 3 1 0
0.00431166 0.378236 0.0025325 3 1 0
0.00431017 0.378545 0.00252468 3 1 0
0.00430868 0.378847 0.00251693 3 1 0
0.00430719 0.379149 0.00250918 3 1 0
0.00430569 0.37945 0.00250146 3 1 0
0.00430419 0.379754 0.00249371 3 1 0
0.00430269 0.380058 0.00248596 3 1 0
0.00430118 0.380367 0.00247823 3 1 0
0.00429968 0.380673 0.00247049 3 1 0
0.00429817 0.38098 0.00246274 3 1 0
0.00429666 0.381288 0.00245509 3 1 0
0.00429514 0.381597 0.00244736 3 1 0
0.00429363 0.381909 0.00243963 3 1 0
0.00429211 0.38222 0.00243189 3 1 0
0.00429059 0.382534 0.00242418 3 1 0
0.00428907 0.382848 0.00241646 3 1 0
0.00428755 0.383162 0.00240879 3 1 0
0.00428603 0.383478 0.00240109 3 1 0
0.0042845 0.383794 0.0023934 3 1 0
0.00428297 0.384111 0.0023858 3 1 0
0.00428144 0.384428 0.00237813 3 1 0
0.00427991 0.384746 0.00237046 3 1 0
0.00427838 0.385064 0.00236289 3 1 0
0.00427685 0.385383 0.00235527 3 1 0
0.00427532 0.385702 0.00234765 3 1 0
0.00427378 0.386022 0.00233992 3 1 0
0.00427225 0.386342 0.00233233 3 1 0
0.00427071 0.386663 0.00232474 3 1 0
0.00426917 0.386984 0.00231718 3 1 0
0.00426763 0.387306 0.0023096 3 1 0
0.0042661 0.387629 0.00230204 3 1 0
0.00426456 0.387952 0.00229443 3 1 0
0.00426302 0.388276 0.00228689 3 1 0
0.00426148 0.3886 0.00227937 3 1 0
0.00425993 0.388924 0.00227187 3 1 0
0.00425839 0.389249 0.00226438 3 1 0
0.00425685 0.389575 0.0022569 3 1 0
0.00425531 0.389901 0.00224951 3 1 0
0.00425377 0.390227 0.00224206 3 1 0
0.00425222 0.390553 0.00223462 3 1 0
0.00425068 0.390881 0.00222715 3 1 0
0.00424914 0.391208 0.00221975 3 1 0
0.0042476 0.391536 0.00221237 3 1 0
0.00424605 0.391864 0.002205 3 1 0
0.00424451 0.392193 0.00219765 3 1 0
0.00424297 0.392521 0.00219032 3 1 0
0.00424143 0.39285 0.00218303 3 1 0
0.00423989 0.393179 0.00217573 3 1 0
0.00423834 0.393508 0.00216845 3 1 0
0.0042368 0.393839 0.00216124 3 1 0
0.00423526 0.394168 0.00215399 3 1 0
0.00423372 0.394498 0.00214677 3 1 0
0.00423218 0.394831 0.00213956 3 1 0
0.00423065 0.395161 0.00213237 3 1 0
0.00422911 0.395491 0.00212521 3 1 0
0.00422757 0.395823 0.00211807 3 1 0
0.00422603 0.396154 0.00211094 3 1 0
0.0042245 0.396484 0.00210383 3 1 0
0.00422296 0.396816 0.00209679 3 1 0
0.00422143 0.397147 0.00208972 3 1 0
0.0042199 0.39748 0.00208268 3 1 0
0.00421837 0.397812 0.00207565 3 1 0
0.00421684 0.398146 0.00206865 3 1 0
0.00421531 0.398481 0.00206167 3 1 0
0.00421378 0.398815 0.00205472 3 1 0
0.00421226 0.399147 0.00204779 3 1 0
0.00421073 0.399478 0.00204087 3 1 0
0.00420921 0.39981 0.00203397 3 1 0
0.00420769 0.400146 0.0020271 3 1 0
0.00420616 0.400481 0.00202026 3 1 0
0.00420465 0.400813 0.00201343 3 1 0
0.00420313 0.401145 0.00200663 3 1 0
0.00420161 0.401478 0.00199986 3 1 0
0.0042001 0.401812 0.00199311 3 1 0
0.00419859 0.402147 0.00198638 3 1 0
0.00419708 0.402482 0.00197968 3 1 0
0.00419557 0.402812 0.00197301 3 1 0
0.00419407 0.403147 0.00196635 3 1 0
0.00419256 0.403482 0.00195972 3 1 0
0.00419106 0.403814 0.00195311 3 1 0
0.00418956 0.404149 0.00194653 3 1 0
0.00418806 0.404483 0.00193997 3 1 0
0.00418657 0.404811 0.00193344 3 1 0
0.00418508 0.405143 0.00192694 3 1 0
0.00418359 0.405477 0.00192046 3 1 0
0.0041821 0.405812 0.001914 3 1 0
0.00418061 0.406146 0.00190757 3 1 0
0.00417913 0.406479 0.00190116 3 1 0
0.00417765 0.406808 0.00189478 3 1 0
0.00417618 0.407141 0.00188843 3 1 0
0.0041747 0.407474 0.0018821 3 1 0
0.00417323 0.407802 0.00187581 3 1 0
0.00417176 0.408134 0.00186953 3 1 0
0.0041703 0.408466 0.00186328 3 1 0
0.00416883 0.40879 0.00185707 3 1 0
0.00416738 0.409121 0.00185087 3 1 0
0.00416592 0.409453 0.00184471 3 1 0
0.00416447 0.409788 0.00183867 3 1 0
0.00416302 0.410118 0.00183255 3 1 0
0.00416157 0.410447 0.00182646 3 1 0
0.00416013 0.410774 0.0018205 3 1 0
0.00415869 0.411101 0.00181448 3 1 0
0.00415725 0.411428 0.00180848 3 1 0
0.00415582 0.411755 0.00180233 3 1 0
0.00415439 0.412081 0.00179639 3 1 0
0.00415297 0.412406 0.00179047 3 1 0
0.00415155 0.412735 0.00178467 3 1 0
0.00415013 0.41306 0.0017788 3 1 0
0.00414872 0.413384 0.00177296 3 1 0
0.00414731 0.413709 0.0017671 3 1 0
0.00414591 0.414032 0.00176132 3 1 0
0.0041445 0.414354 0.00175557 3 1 0
0.00414311 0.414677 0.00174985 3 1 0
0.00414172 0.414997 0.00174416 3 1 0
0.00414033 0.415318 0.0017385 3 1 0
0.00413895 0.415635 0.00173292 3 1 0
0.00413757 0.415953 0.00172731 3 1 0
0.0041362 0.416271 0.00172174 3 1 0
0.00413483 0.416589 0.00171622 3 1 0
0.00413346 0.416906 0.00171071 3 1 0
0.0041321 0.417225 0.00170522 3 1 0
0.00413075 0.417539 0.00169975 3 1 0
0.0041294 0.417855 0.00169433 3 1 0
0.00412806 0.418172 0.00168894 3 1 0
0.00412672 0.418484 0.00168358 3 1 0
0.00412538 0.418799 0.00167826 3 1 0
0.00412406 0.419113 0.00167296 3 1 0
0.00412273 0.419422 0.00166773 3 1 0
0.00412142 0.419731 0.00166249 3 1 0
0.00412011 0.420041 0.00165729 3 1 0
0.0041188 0.420349 0.00165217 3 1 0
0.0041175 0.420656 0.00164703 3 1 0
0.00411621 0.420965 0.00164193 3 1 0
0.00411492 0.421269 0.00163686 3 1 0
0.00411364 0.421575 0.00163182 3 1 0
0.00411236 0.42188 0.00162681 3 1 0
0.00411109 0.42218 0.00162184 3 1 0
0.00410983 0.422483 0.0016169 3 1 0
0.00410857 0.422785 0.001612 3 1 0
0.00410732 0.423082 0.00160716 3 1 0
0.00410608 0.423381 0.00160232 3 1 0
0.00410484 0.42368 0.00159752 3 1 0
0.00410362 0.423975 0.00159286 3 1 0
0.00410239 0.42427 0.00158812 3 1 0
0.00410118 0.424565 0.00158341 3 1 0
0.00409997 0.424853 0.00157877 3 1 0
0.00409877 0.425145 0.00157414 3 1 0
0.00409758 0.425435 0.00156953 3 1 0
0.00409818 0.425289 0.00157178 3 1 0
0.00409698 0.425576 0.0015672 3 1 0
0.00409579 0.425863 0.00156265 3 1 0
0.00409462 0.426148 0.00155817 3 1 0
0.00409345 0.426433 0.00155369 3 1 0
0.00409229 0.426717 0.00154925 3 1 0
0.00409114 0.427 0.00154485 3 1 0
0.00409 0.427278 0.00154048 3 1 0
0.00408886 0.427554 0.00153615 3 1 0
0.00408774 0.42784 0.00153184 3 1 0
0.00408662 0.428114 0.00152758 3 1 0
0.00408551 0.428386 0.00152336 3 1 0
0.00408441 0.42866 0.00151914 3 1 0
0.00408332 0.428929 0.001515 3 1 0
0.00408224 0.429197 0.00151089 3 1 0
0.00408116 0.429465 0.00150682 3 1 0
0.0040801 0.429729 0.00150279 3 1 0
0.00407904 0.429992 0.0014988 3 1 0
0.004078 0.430254 0.00149486 3 1 0
0.00407696 0.430513 0.00149095 3 1 0
0.00407594 0.430769 0.00148707 3 1 0
0.00407492 0.431025 0.00148325 3 1 0
0.00407391 0.431278 0.00147945 3 1 0
0.00407292 0.431529 0.0014757 3 1 0
0.00407193 0.431779 0.00147196 3 1 0
0.00407095 0.432026 0.00146828 3 1 0
0.00406999 0.43227 0.00146465 3 1 0
0.00406903 0.432513 0.00146105 3 1 0
0.00406809 0.432754 0.0014575 3 1 0
0.00406716 0.432992 0.00145399 3 1 0
0.00406623 0.433225 0.00145054 3 1 0
0.00406532 0.433459 0.00144711 3 1 0
0.00406442 0.433691 0.00144372 3 1 0
0.00406353 0.433922 0.00144038 3 1 0
0.00406265 0.434149 0.00143708 3 1 0
0.00406179 0.434373 0.00143382 3 1 0
0.00406093 0.434593 0.00143059 3 1 0
0.00406009 0.434813 0.00142741 3 1 0
0.00405926 0.43503 0.00142428 3 1 0
0.00405844 0.435243 0.00142121 3 1 0
0.00405764 0.435455 0.00141816 3 1 0
0.00405684 0.435664 0.00141516 3 1 0
0.00405606 0.435871 0.00141228 3 1 0
0.00405529 0.436074 0.00140937 3 1 0
0.00405454 0.436275 0.0014065 3 1 0
0.0040538 0.436472 0.00140361 3 1 0
0.00405307 0.436667 0.00140083 3 1 0
0.00405235 0.43686 0.0013981 3 1 0
0.00405165 0.437049 0.00139542 3 1 0
0.00405096 0.437235 0.00139279 3 1 0
0.00405028 0.437419 0.00139019 3 1 0
0.00404962 0.4376 0.00138768 3 1 0
0.00404897 0.437777 0.00138518 3 1 0
0.00404833 0.437952 0.00138273 3 1 0
0.00404771 0.438123 0.00138031 3 1 0
0.00404711 0.438291 0.00137795 3 1 0
0.00404651 0.438456 0.00137564 3 1 0
0.00404593 0.438618 0.00137336 3 1 0
0.00404537 0.438777 0.00137114 3 1 0
0.00404482 0.438932 0.00136897 3 1 0
0.00404429 0.439084 0.00136687 3 1 0
0.00404377 0.439233 0.0013648 3 1 0
0.00404326 0.439378 0.00136278 3 1 0
0.00404277 0.43952 0.00136083 3 1 0
0.0040423 0.439659 0.00135891 3 1 0
0.00404184 0.439794 0.00135703 3 1 0
0.00404139 0.439927 0.00135516 3 1 0
0.00404096 0.440055 0.00135339 3 1 0
0.00404055 0.44018 0.00135166 3 1 0
0.00404015 0.440301 0.00134999 3 1 0
0.00403977 0.440419 0.00134837 3 1 0
0.0040394 0.440533 0.00134679 3 1 0
0.00403905 0.440641 0.00134531 3 1 0
0.00403872 0.440748 0.00134383 3 1 0
0.0040384 0.440851 0.00134241 3 1 0
0.00403809 0.440953 0.00134096 3 1 0
0.00403781 0.441048 0.00133963 3 1 0
0.00403753 0.441141 0.00133836 3 1 0
0.00403728 0.441232 0.00133717 3 1 0
0.00403704 0.441317 0.001336 3 1 0
0.00403682 0.441398 0.00133488 3 1 0
0.00403661 0.441473 0.0013339 3 1 0
0.00403642 0.441547 0.00133289 3 1 0
0.00403624 0.441617 0.00133192 3 1 0
0.00403609 0.441683 0.00133087 3 1 0
0.00403594 0.441746 0.00133 3 1 0
0.00403582 0.441804 0.00132919 3 1 0
0.00403571 0.44186 0.00132847 3 1 0
0.00403562 0.441911 0.00132776 3 1 0
0.00403554 0.441958 0.0013271 3 1 0
0.00403548 0.442001 0.00132654 3 1 0
0.00403544 0.44204 0.00132598 3 1 0
0.00403541 0.442076 0.00132547 3 1 0
0.0040354 0.442108 0.00132495 3 1 0
0.0040354 0.442135 0.00132454 3 1 0
0.00403542 0.44216 0.00132419 3 1 0
0.00403546 0.442178 0.00132391 3 1 0
0.00403552 0.442195 0.00132366 3 1 0
0.00403559 0.442207 0.00132346 3 1 0
0.00403567 0.442215 0.00132335 3 1 0
0.00403578 0.44222 0.00132325 3 1 0
0.00403589 0.442222 0.0013232 3 1 0
0.00403603 0.442213 0.00132317 3 1 0
0.00403618 0.442206 0.00132323 3 1 0
0.00403635 0.442196 0.00132333 3 1 0
0.00403653 0.442184 0.00132346 3 1 0
0.00403673 0.442167 0.00132366 3 1 0
0.00403694 0.442145 0.00132391 3 1 0
0.00403717 0.442119 0.00132426 3 1 0
0.00403742 0.44209 0.00132462 3 1 0
0.00403768 0.442057 0.00132502 3 1 0
0.00403795 0.442027 0.00132548 3 1 0
0.00403824 0.441987 0.00132598 3 1 0
0.00403855 0.441943 0.00132653 3 1 0
0.00403887 0.441897 0.001327 3 1 0
0.00403921 0.441846 0.00132764 3 1 0
0.00403956 0.441792 0.00132834 3 1 0
0.00403993 0.441735 0.00132908 3 1 0
0.00404031 0.441673 0.00132987 3 1 0
0.00404071 0.441608 0.00133071 3 1 0
0.00404112 0.441544 0.00133153 3 1 0
0.00404154 0.441472 0.00133246 3 1 0
0.00404198 0.441397 0.00133344 3 1 0
0.00404243 0.441316 0.00133453 3 1 0
0.0040429 0.441234 0.0013356 3 1 0
0.00404338 0.441148 0.00133672 3 1 0
0.00404388 0.441059 0.00133784 3 1 0
0.00404439 0.440966 0.00133905 3 1 0
0.00404491 0.440871 0.0013403 3 1 0
0.00404545 0.440774 0.00134168 3 1 0
0.004046 0.440672 0.00134302 3 1 0
0.00404656 0.440567 0.00134441 3 1 0
0.00404714 0.440455 0.00134571 3 1 0
0.00404773 0.440343 0.00134719 3 1 0
0.00404833 0.440228 0.00134871 3 1 0
0.00404895 0.440113 0.0013503 3 1 0
0.00404958 0.439992 0.00135191 3 1 0
0.00405022 0.439867 0.00135356 3 1 0
0.00405087 0.439741 0.00135528 3 1 0
0.00405153 0.439611 0.00135702 3 1 0
0.00405221 0.439478 0.0013588 3 1 0
0.0040529 0.439342 0.00136065 3 1 0
0.0040536 0.439203 0.00136252 3 1 0
0.00405432 0.439061 0.00136443 3 1 0
0.00405504 0.438919 0.00136628 3 1 0
0.00405578 0.438772 0.00136827 3 1 0
0.00405653 0.438622 0.0013703 3 1 0
0.00405728 0.438467 0.00137239 3 1 0
0.00405805 0.438311 0.00137451 3 1 0
0.00405884 0.438153 0.00137666 3 1 0
0.00405963 0.437996 0.00137888 3 1 0
0.00406043 0.437832 0.0013811 3 1 0
0.00406124 0.437666 0.00138336 3 1 0
0.00406207 0.437497 0.00138569 3 1 0
0.0040629 0.437326 0.00138804 3 1 0
0.00406375 0.437152 0.00139042 3 1 0
0.0040646 0.436974 0.00139281 3 1 0
0.00406547 0.436797 0.00139528 3 1 0
0.00406634 0.436618 0.00139779 3 1 0
0.00406723 0.436433 0.00140035 3 1 0
0.00406812 0.436247 0.00140292 3 1 0
0.00406902 0.436059 0.00140552 3 1 0
0.00406994 0.43587 0.0014081 3 1 0
0.00407086 0.43568 0.00141078 3 1 0
0.00407179 0.435487 0.00141351 3 1 0
0.00407273 0.435294 0.00141635 3 1 0
0.00407368 0.435097 0.00141915 3 1 0
0.00407464 0.434897 0.00142197 3 1 0
0.0040756 0.434689 0.00142483 3 1 0
0.00407658 0.434486 0.00142773 3 1 0
0.00407756 0.43428 0.00143067 3 1 0
0.00407855 0.434072 0.00143364 3 1 0
0.00407955 0.433862 0.00143665 3 1 0
0.00408056 0.43365 0.00143969 3 1 0
0.00408158 0.433438 0.0014427 3 1 0
0.0040826 0.433222 0.00144581 3 1 0
0.00408364 0.433004 0.00144896 3 1 0
0.00408468 0.432783 0.0014522 3 1 0
0.00408572 0.432561 0.00145542 3 1 0
0.00408678 0.432338 0.00145867 3 1 0
0.00408784 0.432113 0.00146197 3 1 0
0.00408891 0.431886 0.00146529 3 1 0
0.00408999 0.431657 0.00146864 3 1 0
0.00409107 0.431426 0.00147202 3 1 0
0.00409216 0.431194 0.00147544 3 1 0
0.00409326 0.43096 0.00147889 3 1 0
0.00409437 0.430724 0.00148234 3 1 0
0.00409548 0.430487 0.00148586 3 1 0
0.0040966 0.430248 0.00148942 3 1 0
0.00409772 0.430008 0.00149303 3 1 0
0.00409885 0.429766 0.00149665 3 1 0
0.00409999 0.429523 0.00150029 3 1 0
0.00410113 0.429278 0.00150399 3 1 0
0.00410228 0.429031 0.0015077 3 1 0
0.00410344 0.428783 0.00151145 3 1 0
0.0041046 0.428534 0.00151521 3 1 0
0.00410577 0.428283 0.00151902 3 1 0
0.00410694 0.42803 0.00152285 3 1 0
0.00410812 0.427778 0.00152671 3 1 0
0.0041093 0.427523 0.00153062 3 1 0
0.00411049 0.427267 0.00153455 3 1 0
0.00411169 0.42701 0.00153852 3 1 0
0.00411289 0.426751 0.00154251 3 1 0
0.0041141 0.426492 0.00154654 3 1 0
0.00411531 0.426231 0.00155059 3 1 0
0.00411652 0.425968 0.00155468 3 1 0
0.00411775 0.425705 0.00155879 3 1 0
0.00411897 0.42544 0.00156294 3 1 0
0.0041202 0.425174 0.00156712 3 1 0
0.00412144 0.424907 0.00157132 3 1 0
0.00412268 0.424639 0.00157557 3 1 0
0.00412393 0.42437 0.00157983 3 1 0
0.00412518 0.4241 0.00158413 3 1 0
0.00412643 0.423829 0.00158846 3 1 0
0.00412769 0.423557 0.00159282 3 1 0
0.00412896 0.423283 0.0015972 3 1 0
0.00413022 0.423009 0.0016016 3 1 0
0.0041315 0.422734 0.00160604 3 1 0
0.00413277 0.422457 0.00161051 3 1 0
0.00413405 0.42218 0.00161504 3 1 0
0.00413534 0.421902 0.00161957 3 1 0
0.00413663 0.421623 0.00162413 3 1 0
0.00413792 0.421343 0.00162866 3 1 0
0.00413921 0.421062 0.00163328 3 1 0
0.00414051 0.42078 0.00163792 3 1 0
0.00414182 0.420496 0.00164257 3 1 0
0.00414313 0.420212 0.00164726 3 1 0
0.00414444 0.419927 0.00165199 3 1 0
0.00414575 0.419644 0.00165674 3 1 0
0.00414707 0.419358 0.00166152 3 1 0
0.00414839 0.41907 0.00166633 3 1 0
0.00414971 0.418785 0.0016712 3 1 0
0.00415104 0.418497 0.00167607 3 1 0
0.00415237 0.418208 0.00168096 3 1 0
0.00415371 0.417919 0.00168585 3 1 0
0.00415505 0.417628 0.0016908 3 1 0
0.00415639 0.417337 0.00169577 3 1 0
0.00415773 0.417046 0.00170074 3 1 0
0.00415908 0.416753 0.00170576 3 1 0
0.00416042 0.41646 0.00171082 3 1 0
0.00416178 0.416166 0.00171588 3 1 0
0.00416313 0.415872 0.00172099 3 1 0
0.00416449 0.415576 0.00172612 3 1 0
0.00416585 0.415282 0.00173124 3 1 0
0.00416721 0.414985 0.00173643 3 1 0
0.00416858 0.414688 0.00174163 3 1 0
0.00416994 0.414391 0.00174687 3 1 0
0.00417131 0.414092 0.00175213 3 1 0
0.00417269 0.413793 0.00175741 3 1 0
0.00417406 0.413494 0.00176272 3 1 0
0.00417544 0.413194 0.00176806 3 1 0
0.00417682 0.412893 0.00177342 3 1 0
0.0041782 0.412593 0.00177882 3 1 0
0.00417958 0.412292 0.00178424 3 1 0
0.00418097 0.411989 0.00178968 3 1 0
0.00418235 0.411691 0.00179516 3 1 0
0.00418374 0.41139 0.00180064 3 1 0
0.00418513 0.411089 0.00180615 3 1 0
0.00418653 0.410781 0.00181169 3 1 0
0.00418792 0.410477 0.00181725 3 1 0
0.00418932 0.410172 0.00182284 3 1 0
0.00419072 0.409871 0.00182846 3 1 0
0.00419211 0.409568 0.0018341 3 1 0
0.00419352 0.409264 0.00183977 3 1 0
0.00419492 0.408957 0.00184545 3 1 0
0.00419632 0.408653 0.00185116 3 1 0
0.00419773 0.408349 0.0018569 3 1 0
0.00419914 0.408043 0.0018627 3 1 0
0.00420055 0.407737 0.00186848 3 1 0
0.00420196 0.407432 0.00187429 3 1 0
0.00420337 0.407118 0.00188013 3 1 0
0.00420478 0.406812 0.00188599 3 1 0
0.00420619 0.406506 0.00189187 3 1 0
0.00420761 0.406197 0.00189778 3 1 0
0.00420902 0.405891 0.0019037 3 1 0
0.00421044 0.405584 0.00190965 3 1 0
0.00421186 0.405273 0.00191564 3 1 0
0.00421328 0.404966 0.00192163 3 1 0
0.0042147 0.404659 0.00192765 3 1 0
0.00421612 0.404348 0.00193375 3 1 0
0.00421754 0.404038 0.00193981 3 1 0
0.00421896 0.40373 0.0019459 3 1 0
0.00422038 0.403423 0.00195205 3 1 0
0.0042218 0.403112 0.00195818 3 1 0
0.00422323 0.402801 0.00196434 3 1 0
0.00422465 0.402495 0.00197053 3 1 0
0.00422608 0.402184 0.00197673 3 1 0
0.0042275 0.401873 0.00198295 3 1 0
0.00422893 0.401563 0.00198925 3 1 0
0.00423036 0.401252 0.00199552 3 1 0
0.00423178 0.400944 0.0020018 3 1 0
0.00423321 0.400635 0.00200819 3 1 0
0.00423464 0.400323 0.00201452 3 1 0
0.00423606 0.400012 0.00202087 3 1 0
0.00423749 0.399706 0.00202733 3 1 0
0.00423892 0.399395 0.00203373 3 1 0
0.00424034 0.399084 0.00204014 3 1 0
0.00424177 0.398775 0.00204661 3 1 0
0.0042432 0.398464 0.00205307 3 1 0
0.00424463 0.398153 0.00205954 3 1 0
0.00424605 0.397848 0.00206606 3 1 0
0.00424748 0.397537 0.00207258 3 1 0
0.00424891 0.397226 0.00207912 3 1 0
0.00425033 0.396918 0.00208565 3 1 0
0.00425176 0.396607 0.00209223 3 1 0
0.00425318 0.396296 0.00209883 3 1 0
0.00425461 0.395991 0.00210546 3 1 0
0.00425603 0.395681 0.0021121 3 1 0
0.00425746 0.395372 0.00211875 3 1 0
0.00425888 0.395063 0.00212542 3 1 0
0.00426031 0.394753 0.00213212 3 1 0
0.00426173 0.394443 0.00213884 3 1 0
0.00426315 0.394136 0.00214551 3 1 0
0.00426457 0.393827 0.00215227 3 1 0
0.00426599 0.393518 0.00215905 3 1 0
0.00426741 0.393209 0.00216582 3 1 0
0.00426883 0.392901 0.00217264 3 1 0
0.00427024 0.392594 0.00217947 3 1 0
0.00427166 0.392285 0.00218632 3 1 0
0.00427308 0.391978 0.00219319 3 1 0
0.00427449 0.391671 0.00220008 3 1 0
0.0042759 0.391362 0.00220698 3 1 0
0.00427731 0.391056 0.0022139 3 1 0
0.00427872 0.390749 0.00222084 3 1 0
0.00428013 0.39044 0.00222782 3 1 0
0.00428154 0.390134 0.00223479 3 1 0
0.00428295 0.389829 0.00224178 3 1 0
0.00428435 0.389518 0.00224887 3 1 0
0.00428575 0.389214 0.00225589 3 1 0
0.00428715 0.38891 0.00226293 3 1 0
0.00428855 0.388605 0.00226984 3 1 0
0.00428995 0.388302 0.0022769 3 1 0
0.00429135 0.388 0.00228398 3 1 0
0.00429274 0.387694 0.00229106 3 1 0
0.00429414 0.387392 0.00229816 3 1 0
0.00429553 0.387091 0.00230528 3 1 0
0.00429691 0.386788 0.00231241 3 1 0
0.0042983 0.386487 0.00231955 3 1 0
0.00429968 0.386187 0.00232671 3 1 0
0.00430107 0.385879 0.00233389 3 1 0
0.00430245 0.38558 0.00234107 3 1 0
0.00430382 0.385282 0.00234827 3 1 0
0.0043052 0.384982 0.00235545 3 1 0
0.00430657 0.384684 0.00236266 3 1 0
0.00430794 0.384386 0.00236989 3 1 0
0.00430931 0.384087 0.00237712 3 1 0
0.00431067 0.383791 0.00238436 3 1 0
0.00431203 0.383495 0.00239162 3 1 0
0.00431339 0.383197 0.00239888 3 1 0
0.00431475 0.382902 0.00240616 3 1 0
0.0043161 0.382608 0.00241344 3 1 0
0.00431745 0.38231 0.00242074 3 1 0
0.0043188 0.382017 0.00242804 3 1 0
0.00432014 0.381725 0.00243534 3 1 0
0.00432148 0.381432 0.00244264 3 1 0
0.00432282 0.381141 0.00244996 3 1 0
0.00432416 0.380851 0.00245728 3 1 0
0.00432549 0.380562 0.00246461 3 1 0
0.00432681 0.380273 0.00247195 3 1 0
0.00432814 0.379984 0.00247929 3 1 0
0.00432946 0.379696 0.00248663 3 1 0
0.00433077 0.379408 0.00249398 3 1 0
0.00433208 0.379121 0.00250133 3 1 0
0.00433339 0.378835 0.00250869 3 1 0
0.0043347 0.378549 0.00251605 3 1 0
0.004336 0.378265 0.00252341 3 1 0
0.00433729 0.377979 0.00253075 3 1 0
0.00433858 0.377696 0.00253812 3 1 0
0.00433987 0.377413 0.00254548 3 1 0
0.00434115 0.377132 0.00255283 3 1 0
0.00434243 0.37685 0.00256019 3 1 0
0.0043437 0.37657 0.00256755 3 1 0
0.00434497 0.376292 0.0025749 3 1 0
0.00434624 0.376013 0.00258225 3 1 0
0.00434749 0.375736 0.0025896 3 1 0
0.00434875 0.375463 0.00259697 3 1 0
0.00435 0.375187 0.00260431 3 1 0
0.00435124 0.374913 0.00261164 3 1 0
0.00435248 0.37464 0.00261898 3 1 0
0.00435371 0.374367 0.00262631 3 1 0
0.00435494 0.374096 0.00263362 3 1 0
0.00435616 0.373828 0.00264098 3 1 0
0.00435737 0.373561 0.00264828 3 1 0
0.00435858 0.373294 0.00265557 3 1 0
0.00435978 0.373024 0.00266277 3 1 0
0.00436098 0.37276 0.00267004 3 1 0
0.00436217 0.372498 0.00267729 3 1 0
0.00436335 0.372235 0.00268453 3 1 0
0.00436453 0.371975 0.00269175 3 1 0
0.0043657 0.371716 0.00269896 3 1 0
0.00436687 0.37146 0.00270612 3 1 0
0.00436802 0.371203 0.00271329 3 1 0
0.00436917 0.370948 0.00272045 3 1 0
0.00437032 0.370695 0.00272752 3 1 0
0.00437145 0.370442 0.00273463 3 1 0
0.00437258 0.370191 0.00274173 3 1 0
0.0043737 0.36994 0.00274883 3 1 0
0.00437481 0.369692 0.00275588 3 1 0
0.00437591 0.369445 0.0027629 3 1 0
0.00437701 0.369198 0.00276993 3 1 0
0.0043781 0.368955 0.00277689 3 1 0
0.00437918 0.368713 0.00278381 3 1 0
0.00438025 0.368473 0.00279074 3 1 0
0.00438131 0.368235 0.00279763 3 1 0
0.00438236 0.367998 0.00280448 3 1 0
0.0043834 0.367762 0.00281132 3 1 0
0.00438444 0.367529 0.00281808 3 1 0
0.00438546 0.367297 0.00282481 3 1 0
0.00438648 0.367066 0.00283156 3 1 0
0.00438748 0.366839 0.00283822 3 1 0
0.00438848 0.366613 0.00284483 3 1 0
0.00438946 0.366389 0.00285133 3 1 0
0.00439044 0.366167 0.00285788 3 1 0
0.0043914 0.365947 0.00286439 3 1 0
0.00439236 0.365729 0.00287077 3 1 0
0.0043933 0.365513 0.00287718 3 1 0
0.00439423 0.365299 0.00288354 3 1 0
0.00439515 0.365088 0.00288985 3 1 0
0.00439606 0.364878 0.00289611 3 1 0
0.00439695 0.364671 0.00290231 3 1 0
0.00439784 0.364466 0.00290851 3 1 0
0.00439871 0.364264 0.0029146 3 1 0
0.00439957 0.364064 0.00292064 3 1 0
0.00440041 0.363867 0.00292645 3 1 0
0.00440124 0.363672 0.00293235 3 1 0
0.00440206 0.36348 0.0029382 3 1 0
0.00440287 0.36329 0.00294397 3 1 0
0.00440366 0.363103 0.00294968 3 1 0
0.00440444 0.362918 0.00295532 3 1 0
0.00440521 0.362735 0.00296093 3 1 0
0.00440596 0.362557 0.00296643 3 1 0
0.00440669 0.362381 0.00297185 3 1 0
0.00440741 0.362208 0.00297711 3 1 0
0.00440812 0.362037 0.00298237 3 1 0
0.00440881 0.36187 0.00298755 3 1 0
0.00440948 0.361705 0.00299261 3 1 0
0.00441014 0.361544 0.00299762 3 1 0
0.00441078 0.361386 0.00300254 3 1 0
0.00441141 0.361228 0.00300736 3 1 0
0.00441201 0.361077 0.0030121 3 1 0
0.00441261 0.360929 0.00301674 3 1 0
0.00441318 0.360779 0.00302128 3 1 0
0.00441374 0.360638 0.00302573 3 1 0
0.00441428 0.3605 0.00303007 3 1 0
0.0044148 0.360368 0.00303428 3 1 0
0.0044153 0.360237 0.00303841 3 1 0
0.00441578 0.36011 0.00304244 3 1 0
0.00441625 0.359987 0.00304636 3 1 0
0.00441669 0.359867 0.00305017 3 1 0
0.00441712 0.359751 0.00305386 3 1 0
0.00441753 0.359637 0.00305752 3 1 0
0.00441791 0.359529 0.00306098 3 1 0
0.00441828 0.359425 0.00306432 3 1 0
0.00441863 0.359328 0.00306745 3 1 0
0.00441895 0.359232 0.00307054 3 1 0
0.00441926 0.35914 0.00307351 3 1 0
0.00441954 0.359053 0.00307635 3 1 0
0.00441981 0.358969 0.00307906 3 1 0
0.00442005 0.358889 0.00308164 3 1 0
0.00442027 0.358813 0.00308411 3 1 0
0.00442047 0.358742 0.00308643 3 1 0
0.00442065 0.358675 0.0030886 3 1 0
0.0044208 0.358613 0.00309059 3 1 0
0.00442093 0.358555 0.00309249 3 1 0
0.00442104 0.358501 0.00309425 3 1 0
0.00442113 0.358452 0.00309586 3 1 0
0.00442119 0.358407 0.00309733 3 1 0
0.00442124 0.358367 0.00309866 3 1 0
0.00442126 0.35833 0.00309985 3 1 0
0.00442125 0.358299 0.00310089 3 1 0
0.00442122 0.358272 0.00310178 3 1 0
0.00442117 0.358252 0.00310251 3 1 0
0.0044211 0.358235 0.0031031 3 1 0
0.004421 0.358223 0.00310354 3 1 0
0.00442088 0.358214 0.00310384 3 1 0
0.00442074 0.358211 0.00310398 3 1 0
0.00442058 0.358213 0.00310397 3 1 0
0.00442039 0.358217 0.00310381 3 1 0
0.00442017 0.358228 0.0031035 3 1 0
0.00441994 0.358243 0.00310304 3 1 0
0.00441968 0.358265 0.00310243 3 1 0
0.00441939 0.358291 0.00310167 3 1 0
0.00441909 0.358322 0.00310076 3 1 0
0.00441876 0.35836 0.0030997 3 1 0
0.00441841 0.3584 0.00309849 3 1 0
0.00441804 0.358445 0.00309713 3 1 0
0.00441764 0.358496 0.00309563 3 1 0
0.00441722 0.35855 0.00309398 3 1 0
0.00441678 0.358608 0.00309218 3 1 0
0.00441632 0.358672 0.00309027 3 1 0
0.00441583 0.35874 0.00308818 3 1 0
0.00441533 0.358812 0.00308595 3 1 0
0.0044148 0.358888 0.00308383 3 1 0
0.00441425 0.358969 0.00308131 3 1 0
0.00441368 0.359054 0.00307866 3 1 0
0.00441309 0.359145 0.00307562 3 1 0
0.00441247 0.359239 0.00307271 3 1 0
0.00441184 0.359337 0.00306965 3 1 0
0.00441119 0.35944 0.00306655 3 1 0
0.00441052 0.359546 0.00306323 3 1 0
0.00440982 0.359657 0.00305979 3 1 0
0.00440911 0.359772 0.00305629 3 1 0
0.00440838 0.359891 0.0030526 3 1 0
0.00440763 0.360014 0.00304878 3 1 0
0.00440686 0.360143 0.00304484 3 1 0
0.00440608 0.360274 0.00304078 3 1 0
0.00440527 0.360408 0.00303661 3 1 0
0.00440445 0.360548 0.00303233 3 1 0
0.00440361 0.360691 0.00302793 3 1 0
0.00440275 0.360837 0.00302342 3 1 0
0.00440188 0.360988 0.00301892 3 1 0
0.00440099 0.361141 0.0030142 3 1 0
0.00440008 0.361298 0.00300938 3 1 0
0.00439916 0.36146 0.00300447 3 1 0
0.00439822 0.361624 0.00299946 3 1 0
0.00439727 0.361791 0.00299436 3 1 0
0.0043963 0.361965 0.00298904 3 1 0
0.00439532 0.362139 0.00298373 3 1 0
0.00439432 0.362317 0.00297834 3 1 0
0.00439331 0.362498 0.00297288 3 1 0
0.00439228 0.362682 0.00296731 3 1 0
0.00439124 0.36287 0.00296166 3 1 0
0.00439019 0.36306 0.00295599 3 1 0
0.00438912 0.363253 0.00295017 3 1 0
0.00438804 0.363449 0.00294428 3 1 0
0.00438695 0.363648 0.00293832 3 1 0
0.00438584 0.363851 0.00293228 3 1 0
0.00438473 0.364055 0.00292617 3 1 0
0.0043836 0.364261 0.00291997 3 1 0
0.00438246 0.364471 0.00291372 3 1 0
0.0043813 0.364685 0.00290741 3 1 0
0.00438014 0.364899 0.00290106 3 1 0
0.00437897 0.365118 0.00289462 3 1 0
0.00437778 0.365339 0.00288812 3 1 0
0.00437659 0.365561 0.00288171 3 1 0
0.00437538 0.365787 0.00287509 3 1 0
0.00437417 0.366016 0.00286842 3 1 0
0.00437294 0.366246 0.00286164 3 1 0
0.00437171 0.366479 0.00285487 3 1 0
0.00437171 0.366479 0.00285486 3 1 0
0.00437047 0.366714 0.00284807 3 1 0
0.00436921 0.366951 0.0028412 3 1 0
0.00436795 0.36719 0.00283428 3 1 0
0.00436668 0.36743 0.00282737 3 1 0
0.0043654 0.367674 0.00282036 3 1 0
0.00436411 0.367919 0.00281331 3 1 0
0.00436282 0.368167 0.00280625 3 1 0
0.00436152 0.368416 0.00279914 3 1 0
0.0043602 0.368667 0.002792 3 1 0
0.00435889 0.36892 0.00278483 3 1 0
0.00435756 0.369175 0.00277762 3 1 0
0.00435623 0.369432 0.00277037 3 1 0
0.00435489 0.369689 0.00276292 3 1 0
0.00435354 0.36995 0.00275561 3 1 0
0.00435219 0.370213 0.00274827 3 1 0
0.00435083 0.370476 0.00274101 3 1 0
0.00434946 0.370742 0.00273362 3 1 0
0.00434809 0.37101 0.00272621 3 1 0
0.00434671 0.371277 0.00271876 3 1 0
0.00434533 0.371548 0.00271128 3 1 0
0.00434394 0.37182 0.00270377 3 1 0
0.00434254 0.372091 0.0026962 3 1 0
0.00434114 0.372367 0.00268866 3 1 0
0.00433973 0.372644 0.00268109 3 1 0
0.00433832 0.372917 0.00267344 3 1 0
0.0043369 0.373197 0.00266584 3 1 0
0.00433548 0.373479 0.00265822 3 1 0
0.00433405 0.373763 0.0026506 3 1 0
0.00433262 0.374047 0.00264296 3 1 0
0.00433119 0.374333 0.0026353 3 1 0
0.00432975 0.37462 0.00262766 3 1 0
0.0043283 0.374907 0.00261998 3 1 0
0.00432685 0.375196 0.00261229 3 1 0
0.0043254 0.375485 0.00260459 3 1 0
0.00432395 0.375776 0.00259688 3 1 0
0.00432248 0.376068 0.00258917 3 1 0
0.00432102 0.376361 0.00258143 3 1 0
0.00431955 0.376655 0.00257371 3 1 0
0.00431808 0.376951 0.00256598 3 1 0
0.00431661 0.377246 0.00255827 3 1 0
0.00431513 0.377544 0.00255053 3 1 0
0.00431365 0.377843 0.00254279 3 1 0
0.00431216 0.378143 0.00253508 3 1 0
0.00431068 0.378444 0.00252733 3 1 0
0.00430919 0.378745 0.00251958 3 1 0
0.00430769 0.379048 0.00251187 3 1 0
0.0043062 0.379351 0.00250411 3 1 0
0.0043047 0.379656 0.00249636 3 1 0
0.0043032 0.379961 0.00248858 3 1 0
0.00430169 0.380267 0.00248084 3 1 0
0.00430019 0.380574 0.00247309 3 1 0
0.00429868 0.380882 0.00246538 3 1 0
0.00429717 0.381191 0.00245765 3 1 0
0.00429566 0.3815 0.00244991 3 1 0
0.00429414 0.381811 0.00244224 3 1 0
0.00429262 0.382122 0.00243451 3 1 0
0.00429111 0.382433 0.00242679 3 1 0
0.00428959 0.382747 0.00241924 3 1 0
0.00428806 0.38306 0.00241152 3 1 0
0.00428654 0.383373 0.00240382 3 1 0
0.00428502 0.38369 0.00239604 3 1 0
0.00428349 0.384006 0.00238835 3 1 0
0.00428196 0.384322 0.00238067 3 1 0
0.00428043 0.384639 0.00237308 3 1 0
0.0042789 0.384955 0.00236542 3 1 0
0.00427737 0.385273 0.00235776 3 1 0
0.00427583 0.385592 0.00235021 3 1 0
0.0042743 0.385911 0.00234258 3 1 0
0.00427277 0.38623 0.00233496 3 1 0
0.00427123 0.386551 0.00232728 3 1 0
0.00426969 0.386871 0.00231971 3 1 0
0.00426815 0.387191 0.00231214 3 1 0
0.00426662 0.387518 0.00230466 3 1 0
0.00426508 0.387839 0.0022971 3 1 0
0.00426354 0.388162 0.00228956 3 1 0
0.004262 0.388486 0.00228204 3 1 0
0.00426045 0.388809 0.00227452 3 1 0
0.00425891 0.389132 0.00226701 3 1 0
0.00425737 0.389462 0.00225952 3 1 0
0.00425583 0.389786 0.00225204 3 1 0
0.00425429 0.390111 0.00224459 3 1 0
0.00425274 0.390437 0.00223724 3 1 0
0.0042512 0.390762 0.00222983 3 1 0
0.00424966 0.391088 0.00222242 3 1 0
0.00424812 0.391416 0.00221497 3 1 0
0.00424657 0.391745 0.00220761 3 1 0
0.00424503 0.392075 0.00220027 3 1 0
0.00424349 0.392404 0.00219291 3 1 0
0.00424195 0.392735 0.00218558 3 1 0
0.00424041 0.393065 0.00217827 3 1 0
0.00423886 0.393395 0.00217093 3 1 0
0.00423732 0.393724 0.00216367 3 1 0
0.00423578 0.394053 0.00215642 3 1 0
0.00423424 0.394388 0.00214922 3 1 0
0.0042327 0.394718 0.002142 3 1 0
0.00423116 0.395048 0.00213481 3 1 0
0.00422963 0.395377 0.00212766 3 1 0
0.00422809 0.395707 0.00212051 3 1 0
0.00422655 0.396038 0.00211338 3 1 0
0.00422502 0.396376 0.00210619 3 1 0
0.00422348 0.396707 0.0020991 3 1 0
0.00422195 0.397038 0.00209204 3 1 0
0.00422042 0.397376 0.00208499 3 1 0
0.00421888 0.397708 0.00207797 3 1 0
0.00421735 0.39804 0.00207096 3 1 0
0.00421582 0.398374 0.00206398 3 1 0
0.0042143 0.398707 0.00205702 3 1 0
0.00421277 0.399039 0.00205008 3 1 0
0.00421125 0.399374 0.00204318 3 1 0
0.00420972 0.399706 0.00203628 3 1 0
0.0042082 0.400039 0.00202941 3 1 0
0.00420668 0.400374 0.00202255 3 1 0
0.00420516 0.400707 0.00201572 3 1 0
0.00420364 0.401039 0.00200892 3 1 0
0.00420213 0.401373 0.00200214 3 1 0
0.00420061 0.401706 0.00199538 3 1 0
0.0041991 0.402038 0.00198865 3 1 0
0.00419759 0.402375 0.00198195 3 1 0
0.00419608 0.402708 0.00197526 3 1 0
0.00419457 0.403041 0.0019686 3 1 0
0.00419307 0.403375 0.00196195 3 1 0
0.00419157 0.403708 0.00195534 3 1 0
0.00419007 0.40404 0.00194875 3 1 0
0.00418857 0.404373 0.00194219 3 1 0
0.00418707 0.404705 0.00193566 3 1 0
0.00418558 0.405036 0.00192914 3 1 0
0.00418409 0.405366 0.00192266 3 1 0
0.0041826 0.405697 0.00191619 3 1 0
0.00418112 0.406028 0.00190976 3 1 0
0.00417963 0.406361 0.00190334 3 1 0
0.00417815 0.406694 0.00189695 3 1 0
0.00417667 0.407028 0.00189059 3 1 0
0.0041752 0.407357 0.00188426 3 1 0
0.00417373 0.40769 0.00187795 3 1 0
0.00417226 0.408023 0.00187167 3 1 0
0.00417079 0.408353 0.0018654 3 1 0
0.00416933 0.408685 0.00185917 3 1 0
0.00416787 0.409016 0.00185297 3 1 0
0.00416641 0.409348 0.00184678 3 1 0
0.00416496 0.409678 0.00184063 3 1 0
0.00416351 0.410007 0.00183451 3 1 0
0.00416206 0.410335 0.00182841 3 1 0
0.00416061 0.410663 0.00182234 3 1 0
0.00415917 0.41099 0.0018163 3 1 0
0.00415774 0.411313 0.00181029 3 1 0
0.0041563 0.411639 0.00180431 3 1 0
0.00415487 0.411964 0.00179835 3 1 0
0.00415345 0.41229 0.00179245 3 1 0
0.00415203 0.412614 0.00178655 3 1 0
0.00415061 0.412941 0.00178067 3 1 0
0.0041492 0.413267 0.00177487 3 1 0
0.00414778 0.413593 0.00176905 3 1 0
0.00414638 0.413918 0.00176326 3 1 0
0.00414498 0.414243 0.00175751 3 1 0
0.00414358 0.414566 0.00175178 3 1 0
0.00414219 0.414889 0.00174608 3 1 0
0.0041408 0.415209 0.00174043 3 1 0
0.00413941 0.41553 0.00173479 3 1 0
0.00413803 0.415851 0.00172918 3 1 0
0.00413666 0.416171 0.00172368 3 1 0
0.00413529 0.416491 0.00171813 3 1 0
0.00413392 0.416809 0.0017126 3 1 0
0.00413256 0.417127 0.00170715 3 1 0
0.00413121 0.417443 0.0017017 3 1 0
0.00412986 0.417759 0.00169628 3 1 0
0.00412851 0.418074 0.00169078 3 1 0
0.00412717 0.418388 0.00168541 3 1 0
0.00412583 0.418702 0.00168007 3 1 0
0.0041245 0.419013 0.00167485 3 1 0
0.00412318 0.419325 0.00166957 3 1 0
0.00412186 0.419636 0.00166432 3 1 0
0.00412055 0.419945 0.00165916 3 1 0
0.00411924 0.420255 0.00165398 3 1 0
0.00411794 0.420563 0.00164883 3 1 0
0.00411664 0.42087 0.00164371 3 1 0
0.00411535 0.421176 0.00163864 3 1 0
0.00411407 0.421482 0.0016336 3 1 0
0.00411279 0.421784 0.00162862 3 1 0
0.00411152 0.422088 0.00162363 3 1 0
0.00411026 0.42239 0.00161868 3 1 0
0.004109 0.422685 0.00161375 3 1 0
0.00410775 0.422986 0.00160887 3 1 0
0.0041065 0.423285 0.00160402 3 1 0
0.00410526 0.423578 0.00159916 3 1 0
0.00410403 0.423876 0.00159438 3 1 0
0.0041028 0.424172 0.00158963 3 1 0
0.00410159 0.42446 0.00158493 3 1 0
0.00410038 0.424754 0.00158025 3 1 0
0.00409917 0.425047 0.00157561 3 1 0
0.00409798 0.425333 0.00157096 3 1 0
0.00409679 0.42562 0.00156639 4 1 0
0.00409561 0.425907 0.00156185 3 1 0
0.00409444 0.426196 0.00155734 4 1 0
0.00409327 0.426479 0.00155288 3 1 0
0.00409212 0.426758 0.00154847 4 1 0
0.00409097 0.427044 0.00154408 3 1 0
0.00408983 0.427322 0.00153973 4 1 0
0.0040887 0.427599 0.0015354 3 1 0
0.00408758 0.427878 0.00153116 4 1 0
0.00408646 0.428152 0.00152691 3 1 0
0.00408536 0.428423 0.00152271 4 1 0
0.00408426 0.428698 0.00151854 3 1 0
0.00408317 0.428965 0.00151442 4 1 0
0.00408209 0.429232 0.00151032 3 1 0
0.00408103 0.429498 0.00150628 4 1 0
0.00407996 0.429762 0.00150225 3 1 0
0.00407892 0.430021 0.00149831 3 1 0
0.00407788 0.430283 0.00149436 3 1 0
0.00407684 0.43054 0.00149046 4 1 0
0.00407582 0.430796 0.00148659 3 1 0
0.00407481 0.431053 0.0014828 4 1 0
0.0040738 0.431305 0.00147901 3 1 0
0.00407281 0.431554 0.00147528 4 1 0
0.00407183 0.431804 0.00147157 3 1 0
0.00407086 0.432047 0.00146795 4 1 0
0.0040699 0.432291 0.00146432 3 1 0
0.00406896 0.432532 0.00146076 4 1 0
0.00406801 0.432772 0.00145721 3 1 0
0.00406709 0.433006 0.00145375 4 1 0
0.00406617 0.433243 0.00145028 3 1 0
0.00406526 0.433475 0.00144688 4 1 0
0.00406437 0.433705 0.00144349 3 1 0
0.00406348 0.433934 0.00144019 4 1 0
0.00406261 0.43416 0.00143689 3 1 0
0.00406411 0.433773 0.00144255 3 1 0
0.00406323 0.433999 0.00143925 3 1 0
0.00406235 0.434224 0.00143596 3 1 0
0.00406149 0.434447 0.00143271 3 1 0
0.00406064 0.434671 0.00142947 3 1 0
0.0040598 0.434889 0.00142631 3 1 0
0.00405898 0.435104 0.00142319 3 1 0
0.00405816 0.435318 0.00142012 3 1 0
0.00405736 0.435528 0.00141709 3 1 0
0.00405657 0.435736 0.00141411 3 1 0
0.0040558 0.435941 0.00141117 3 1 0
0.00405503 0.436144 0.00140827 3 1 0
0.00405428 0.436344 0.00140542 3 1 0
0.00405354 0.43654 0.00140264 3 1 0
0.00405282 0.436734 0.00139988 3 1 0
0.0040521 0.436925 0.00139716 3 1 0
0.00405141 0.437114 0.00139447 3 1 0
0.00405072 0.4373 0.00139185 3 1 0
0.00405005 0.437482 0.00138927 3 1 0
0.00404939 0.437662 0.00138675 3 1 0
0.00404875 0.437838 0.00138426 3 1 0
0.00404812 0.438011 0.00138183 3 1 0
0.0040475 0.438182 0.00137947 3 1 0
0.0040469 0.438349 0.00137712 3 1 0
0.00404631 0.438513 0.00137483 3 1 0
0.00404574 0.438673 0.00137255 3 1 0
0.00404518 0.438831 0.00137035 3 1 0
0.00404463 0.438985 0.0013682 3 1 0
0.00404411 0.439136 0.0013661 3 1 0
0.00404359 0.439284 0.00136405 3 1 0
0.00404309 0.439428 0.00136204 3 1 0
0.00404261 0.439569 0.00136009 3 1 0
0.00404214 0.439706 0.00135819 3 1 0
0.00404168 0.439841 0.00135633 3 1 0
0.00404124 0.439971 0.00135451 3 1 0
0.00404082 0.440099 0.00135275 3 1 0
0.00404041 0.440222 0.00135104 3 1 0
0.00404002 0.440342 0.00134938 3 1 0
0.00403964 0.440459 0.00134777 3 1 0
0.00403928 0.440572 0.00134621 3 1 0
0.00403893 0.440681 0.0013447 3 1 0
0.0040386 0.440787 0.00134324 3 1 0
0.00403829 0.44089 0.00134183 3 1 0
0.00403799 0.440984 0.00134048 3 1 0
0.00403771 0.44108 0.00133917 3 1 0
0.00403744 0.441171 0.00133791 3 1 0
0.00403719 0.441262 0.0013367 3 1 0
0.00403696 0.441346 0.00133555 3 1 0
0.00403674 0.441426 0.00133445 3 1 0
0.00403654 0.441501 0.0013334 3 1 0
0.00403636 0.441574 0.00133239 3 1 0
0.00403619 0.441642 0.00133144 3 1 0
0.00403603 0.441706 0.00133058 3 1 0
0.0040359 0.441767 0.00132973 3 1 0
