0.004 0.450194 0.00121252 4 1 0
0.00393497 0.459181 0.00112672 3 1 0
0.00392856 0.460498 0.00111227 3 1 0
0.00392784 0.460664 0.00111082 3 1 0
0.00392653 0.460933 0.00110795 3 1 0
0.00392524 0.461198 0.00110512 3 1 0
0.00392397 0.461459 0.00110227 3 1 0
0.00392271 0.461716 0.00109953 3 1 0
0.00392146 0.461969 0.00109683 3 1 0
0.00392023 0.462212 0.00109423 3 1 0
0.00391901 0.462457 0.00109164 3 1 0
0.00391782 0.462698 0.0010891 3 1 0
0.00391663 0.462933 0.00108663 3 1 0
0.00391547 0.463166 0.0010842 3 1 0
0.00391432 0.463394 0.00108182 3 1 0
0.00391319 0.463616 0.00107952 3 1 0
0.00391207 0.463835 0.00107725 3 1 0
0.00391098 0.464049 0.00107503 3 1 0
0.0039099 0.464258 0.0010729 3 1 0
0.00390884 0.464462 0.0010708 3 1 0
0.0039078 0.464661 0.00106876 3 1 0
0.00390678 0.464854 0.00106681 3 1 0
0.00390578 0.465042 0.00106489 3 1 0
0.0039048 0.465225 0.00106302 3 1 0
0.00390384 0.465402 0.00106127 3 1 0
0.00390291 0.465574 0.00105952 3 1 0
0.00390199 0.46574 0.00105785 3 1 0
0.0039011 0.465901 0.00105629 3 1 0
0.00390023 0.466055 0.00105474 3 1 0
0.00389938 0.466203 0.00105325 3 1 0
0.00389856 0.466346 0.00105186 3 1 0
0.00389776 0.466482 0.00105051 3 1 0
0.00389698 0.466611 0.00104923 3 1 0
0.00389623 0.466735 0.00104801 3 1 0
0.00389551 0.466852 0.00104688 3 1 0
0.00389481 0.466962 0.00104582 3 1 0
0.00389413 0.467065 0.00104475 3 1 0
0.00389349 0.467161 0.00104384 3 1 0
0.00389287 0.467251 0.00104299 3 1 0
0.00389227 0.467333 0.00104221 3 1 0
0.00389171 0.467408 0.00104151 3 1 0
0.00389117 0.467476 0.00104089 3 1 0
0.00389067 0.467537 0.00104033 3 1 0
0.00389019 0.46759 0.00103987 3 1 0
0.00388974 0.467636 0.00103948 3 1 0
0.00388932 0.467674 0.00103911 3 1 0
0.00388893 0.467704 0.00103888 3 1 0
0.00388857 0.467726 0.00103873 3 1 0
0.00388825 0.467741 0.00103865 3 1 0
0.00388795 0.467748 0.00103865 3 1 0
0.00388768 0.467747 0.00103875 3 1 0
0.00388745 0.467736 0.00103892 3 1 0
0.00388725 0.467719 0.00103918 3 1 0
0.00388708 0.467694 0.00103952 3 1 0
0.00388694 0.46766 0.00103991 3 1 0
0.00388684 0.467619 0.00104041 3 1 0
0.00388677 0.467569 0.001041 3 1 0
0.00388673 0.46751 0.00104165 3 1 0
0.00388672 0.467444 0.00104241 3 1 0
0.00388675 0.46737 0.00104325 3 1 0
0.00388681 0.467281 0.0010442 3 1 0
0.0038869 0.467191 0.00104521 3 1 0
0.00388702 0.467092 0.00104631 3 1 0
0.00388718 0.466985 0.00104747 3 1 0
0.00388737 0.46687 0.00104874 3 1 0
0.0038876 0.466747 0.00105009 3 1 0
0.00388785 0.46662 0.00105147 3 1 0
0.00388814 0.466481 0.00105299 3 1 0
0.00388846 0.466334 0.00105459 3 1 0
0.00388881 0.466175 0.00105632 3 1 0
0.0038892 0.466014 0.00105809 3 1 0
0.00388961 0.465846 0.00105993 3 1 0
0.00389006 0.465673 0.00106187 3 1 0
0.00389054 0.465489 0.00106388 3 1 0
0.00389105 0.465299 0.00106596 3 1 0
0.00389159 0.4651 0.00106809 3 1 0
0.00389215 0.464895 0.00107034 3 1 0
0.00389275 0.464683 0.00107266 3 1 0
0.00389338 0.464469 0.00107512 3 1 0
0.00389403 0.464243 0.00107759 3 1 0
0.00389472 0.464011 0.00108015 3 1 0
0.00389543 0.463772 0.00108275 3 1 0
0.00389617 0.463527 0.00108545 3 1 0
0.00389694 0.463275 0.00108823 3 1 0
0.00389773 0.463016 0.00109107 3 1 0
0.00389855 0.462753 0.00109399 3 1 0
0.00389939 0.462484 0.00109698 3 1 0
0.00390026 0.462208 0.00110006 3 1 0
0.00390116 0.461927 0.00110319 3 1 0
0.00390208 0.461641 0.00110639 3 1 0
0.00390302 0.46135 0.00110955 3 1 0
0.00390399 0.461053 0.00111288 3 1 0
0.00390498 0.460751 0.00111628 3 1 0
0.00390599 0.460443 0.00111971 3 1 0
0.00390702 0.460131 0.00112323 3 1 0
0.00390808 0.459814 0.00112682 3 1 0
0.00390915 0.459493 0.00113045 3 1 0
0.00391025 0.459167 0.00113416 3 1 0
0.00391137 0.458837 0.00113794 3 1 0
0.00391136 0.458835 0.00113793 3 1 0
0.0039125 0.4585 0.00114176 3 1 0
0.00391366 0.458161 0.00114566 3 1 0
0.00391484 0.457817 0.0011496 3 1 0
0.00391603 0.457469 0.00115362 3 1 0
0.00391725 0.457117 0.00115768 3 1 0
0.00391848 0.456763 0.0011618 3 1 0
0.00391973 0.456403 0.00116598 3 1 0
0.00392099 0.456042 0.00117022 3 1 0
0.00392227 0.455678 0.0011745 3 1 0
0.00392357 0.455312 0.00117885 3 1 0
0.00392488 0.454943 0.00118325 3 1 0
0.00392621 0.454572 0.0011877 3 1 0
0.00392756 0.454196 0.0011922 3 1 0
0.00392892 0.453817 0.00119675 3 1 0
0.00393029 0.453436 0.00120136 3 1 0
0.00393168 0.453051 0.00120601 3 1 0
0.00393308 0.452664 0.00121072 3 1 0
0.00393449 0.45227 0.00121548 3 1 0
0.00393592 0.451878 0.00122028 3 1 0
0.00393736 0.451483 0.00122514 3 1 0
0.00393882 0.45108 0.00123004 3 1 0
0.00394028 0.450681 0.00123499 3 1 0
0.00394176 0.450279 0.00123999 3 1 0
0.00394325 0.449874 0.00124503 3 1 0
0.00394476 0.449468 0.00125013 3 1 0
0.00394627 0.449059 0.00125527 3 1 0
0.00394779 0.448649 0.00126045 3 1 0
0.00394933 0.448236 0.00126568 3 1 0
0.00395087 0.447822 0.00127096 3 1 0
0.00395243 0.447402 0.00127628 3 1 0
0.003954 0.446985 0.00128164 3 1 0
0.00395557 0.446565 0.00128705 3 1 0
0.00395716 0.446141 0.00129251 3 1 0
0.00395876 0.445718 0.001298 3 1 0
0.00396036 0.445294 0.00130355 3 1 0
0.00396198 0.444857 0.00130913 3 1 0
0.0039636 0.444431 0.00131476 3 1 0
0.00396523 0.444004 0.00132043 3 1 0
0.00396687 0.443577 0.00132615 3 1 0
0.00396852 0.443144 0.00133191 3 1 0
0.00397018 0.442709 0.00133771 3 1 0
0.00397184 0.442277 0.00134355 3 1 0
0.00397351 0.441839 0.00134943 3 1 0
0.00397519 0.441401 0.00135536 3 1 0
0.00397688 0.440964 0.00136133 3 1 0
0.00397858 0.440523 0.00136734 3 1 0
0.00398028 0.440081 0.00137339 3 1 0
0.00398199 0.439647 0.0013795 3 1 0
0.00398371 0.439203 0.00138563 3 1 0
0.00398543 0.438759 0.00139181 3 1 0
0.00398716 0.438315 0.00139806 3 1 0
0.0039889 0.437869 0.00140431 3 1 0
0.00399064 0.437421 0.00141061 3 1 0
0.00399239 0.43698 0.00141699 3 1 0
0.00399415 0.436532 0.00142335 3 1 0
0.00399591 0.436082 0.00142976 3 1 0
0.00399768 0.435634 0.00143616 3 1 0
0.00399945 0.435184 0.00144265 3 1 0
0.00400123 0.434732 0.00144918 3 1 0
0.00400302 0.434279 0.00145585 3 1 0
0.00400481 0.433825 0.00146245 3 1 0
0.00400661 0.43337 0.0014691 3 1 0
0.00400841 0.432926 0.00147581 3 1 0
0.00401022 0.432471 0.00148253 3 1 0
0.00401203 0.432016 0.00148929 3 1 0
0.00401385 0.431563 0.00149611 3 1 0
0.00401567 0.431107 0.00150297 3 1 0
0.0040175 0.430651 0.00150985 3 1 0
0.00401933 0.430194 0.00151678 3 1 0
0.00402117 0.429738 0.00152376 3 1 0
0.00402301 0.429281 0.00153076 3 1 0
0.00402485 0.428822 0.0015378 3 1 0
0.0040267 0.428364 0.0015449 3 1 0
0.00402856 0.427906 0.00155201 3 1 0
0.00403042 0.427446 0.00155918 3 1 0
0.00403228 0.426987 0.00156638 3 1 0
0.00403415 0.426528 0.00157361 3 1 0
0.00403602 0.426066 0.0015809 3 1 0
0.0040379 0.425607 0.00158821 3 1 0
0.00403978 0.425147 0.00159556 3 1 0
0.00404166 0.42468 0.00160296 3 1 0
0.00404355 0.424221 0.00161039 3 1 0
0.00404544 0.423761 0.00161786 3 1 0
0.00404734 0.423295 0.00162537 3 1 0
0.00404923 0.422835 0.00163292 3 1 0
0.00405114 0.422374 0.00164051 3 1 0
0.00405304 0.421911 0.00164814 3 1 0
0.00405495 0.42145 0.00165581 3 1 0
0.00405687 0.420989 0.00166351 3 1 0
0.00405878 0.42052 0.00167126 3 1 0
0.0040607 0.420059 0.00167904 3 1 0
0.00406263 0.419597 0.00168687 3 1 0
0.00406455 0.419128 0.00169473 3 1 0
0.00406648 0.418666 0.00170264 3 1 0
0.00406841 0.418205 0.00171059 3 1 0
0.00407035 0.417738 0.00171857 3 1 0
0.00407229 0.417276 0.0017266 3 1 0
0.00407423 0.416814 0.00173467 3 1 0
0.00407618 0.416351 0.00174277 3 1 0
0.00407812 0.415889 0.00175092 3 1 0
0.00408007 0.415425 0.00175911 3 1 0
0.00408203 0.414961 0.00176733 3 1 0
0.00408398 0.414498 0.0017756 3 1 0
0.00408594 0.414034 0.00178391 3 1 0
0.0040879 0.413564 0.00179226 3 1 0
0.00408987 0.413101 0.00180066 3 1 0
0.00409184 0.412638 0.00180909 3 1 0
0.0040938 0.412169 0.00181757 3 1 0
0.00409578 0.411706 0.00182609 3 1 0
0.00409775 0.411244 0.00183465 3 1 0
0.00409973 0.410772 0.00184329 3 1 0
0.00410171 0.41031 0.00185194 3 1 0
0.00410369 0.409848 0.00186062 3 1 0
0.00410567 0.40938 0.00186944 3 1 0
0.00410766 0.408917 0.00187821 3 1 0
0.00410965 0.408455 0.00188703 3 1 0
0.00411164 0.40799 0.00189575 3 1 0
0.00411363 0.407523 0.00190464 3 1 0
0.00411563 0.407061 0.00191358 3 1 0
0.00411763 0.406598 0.00192251 3 1 0
0.00411963 0.406132 0.00193153 3 1 0
0.00412163 0.405668 0.00194059 3 1 0
0.00412364 0.405209 0.00194966 3 1 0
0.00412564 0.404744 0.0019588 3 1 0
0.00412765 0.404278 0.00196798 3 1 0
0.00412966 0.40382 0.00197718 3 1 0
0.00413167 0.403355 0.00198644 3 1 0
0.00413369 0.40289 0.00199575 3 1 0
0.0041357 0.402433 0.00200509 3 1 0
0.00413772 0.401969 0.00201448 3 1 0
0.00413974 0.401505 0.00202391 3 1 0
0.00414176 0.401046 0.00203338 3 1 0
0.00414379 0.400582 0.0020429 3 1 0
0.00414581 0.400119 0.00205247 3 1 0
0.00414784 0.399658 0.00206207 3 1 0
0.00414987 0.399195 0.00207172 3 1 0
0.0041519 0.398731 0.00208142 3 1 0
0.00415393 0.398271 0.00209114 3 1 0
0.00415597 0.397809 0.00210092 3 1 0
0.004158 0.397346 0.00211075 3 1 0
0.00416004 0.396888 0.00212063 3 1 0
0.00416208 0.396426 0.00213054 3 1 0
0.00416412 0.395963 0.00214047 3 1 0
0.00416616 0.395505 0.00215042 3 1 0
0.00416821 0.395044 0.00216043 3 1 0
0.00417025 0.394583 0.00217049 3 1 0
0.0041723 0.394124 0.00218058 3 1 0
0.00417435 0.393664 0.00219073 3 1 0
0.0041764 0.393204 0.00220092 3 1 0
0.00417845 0.392745 0.00221112 3 1 0
0.0041805 0.392285 0.00222141 3 1 0
0.00418256 0.391826 0.00223173 3 1 0
0.00418462 0.391367 0.00224206 3 1 0
0.00418667 0.390908 0.00225248 3 1 0
0.00418873 0.390449 0.00226295 3 1 0
0.00419079 0.389989 0.00227346 3 1 0
0.00419285 0.389529 0.00228401 3 1 0
0.00419491 0.389069 0.00229461 3 1 0
0.00419698 0.388618 0.00230526 3 1 0
0.00419904 0.38816 0.00231595 3 1 0
0.00420111 0.387703 0.00232669 3 1 0
0.00420318 0.387246 0.00233751 3 1 0
0.00420525 0.386789 0.00234835 3 1 0
0.00420732 0.386332 0.00235923 3 1 0
0.00420939 0.385875 0.00237016 3 1 0
0.00421146 0.38542 0.00238114 3 1 0
0.00421354 0.384964 0.00239216 3 1 0
0.00421561 0.384508 0.00240317 3 1 0
0.00421769 0.384053 0.00241429 3 1 0
0.00421976 0.383598 0.00242545 3 1 0
0.00422184 0.383143 0.00243663 3 1 0
0.00422392 0.382689 0.00244789 3 1 0
0.004226 0.382235 0.00245919 3 1 0
0.00422808 0.38178 0.00247051 3 1 0
0.00423017 0.381327 0.00248191 3 1 0
0.00423225 0.380873 0.00249335 3 1 0
0.00423433 0.380418 0.00250483 3 1 0
0.00423642 0.379966 0.00251636 3 1 0
0.00423851 0.379514 0.00252795 3 1 0
0.00424059 0.379057 0.00253957 3 1 0
0.00424268 0.378607 0.00255125 3 1 0
0.00424477 0.378156 0.00256298 3 1 0
0.00424686 0.377706 0.00257477 3 1 0
0.00424895 0.377254 0.00258659 3 1 0
0.00425105 0.376802 0.00259847 3 1 0
0.00425314 0.376353 0.00261041 3 1 0
0.00425523 0.375902 0.00262238 3 1 0
0.00425733 0.375452 0.00263441 3 1 0
0.00425943 0.375002 0.00264656 3 1 0
0.00426152 0.374553 0.00265868 3 1 0
0.00426362 0.374103 0.00267086 3 1 0
0.00426572 0.373654 0.00268305 3 1 0
0.00426782 0.373205 0.00269533 3 1 0
0.00426992 0.372756 0.00270762 3 1 0
0.00427202 0.372309 0.00271995 3 1 0
0.00427412 0.37186 0.00273233 3 1 0
0.00427622 0.371412 0.00274477 3 1 0
0.00427833 0.370966 0.00275724 3 1 0
0.00428043 0.370518 0.00276977 3 1 0
0.00428253 0.37007 0.00278236 3 1 0
0.00428464 0.369626 0.00279496 3 1 0
0.00428675 0.369179 0.00280765 3 1 0
0.00428885 0.368732 0.00282039 3 1 0
0.00429096 0.368288 0.00283315 3 1 0
0.00429307 0.367842 0.00284599 3 1 0
0.00429518 0.367396 0.00285889 3 1 0
0.00429729 0.366953 0.00287181 3 1 0
0.0042994 0.366507 0.00288481 3 1 0
0.00430151 0.366062 0.00289787 3 1 0
0.00430362 0.365622 0.002911 3 1 0
0.00430573 0.365178 0.00292417 3 1 0
0.00430785 0.364734 0.00293739 3 1 0
0.00430996 0.364293 0.0029507 3 1 0
0.00431207 0.36385 0.00296403 3 1 0
0.00431419 0.363407 0.00297741 3 1 0
0.0043163 0.362964 0.00299073 3 1 0
0.00431842 0.362522 0.00300421 3 1 0
0.00432053 0.362079 0.00301774 3 1 0
0.00432265 0.36164 0.00303129 3 1 0
0.00432477 0.361198 0.00304492 3 1 0
0.00432689 0.360756 0.00305861 3 1 0
0.004329 0.360314 0.00307234 3 1 0
0.00433112 0.359877 0.00308613 3 1 0
0.00433324 0.35944 0.00309997 3 1 0
0.00433536 0.359001 0.00311386 3 1 0
0.00433748 0.358564 0.00312781 3 1 0
0.0043396 0.358127 0.00314182 3 1 0
0.00434173 0.357686 0.00315587 3 1 0
0.00434385 0.35725 0.00316998 3 1 0
0.00434597 0.356814 0.00318415 3 1 0
0.00434809 0.356379 0.00319837 3 1 0
0.00435022 0.355943 0.00321265 3 1 0
0.00435234 0.355507 0.00322698 3 1 0
0.00435446 0.355063 0.00324139 3 1 0
0.00435659 0.35463 0.00325584 3 1 0
0.00435871 0.354196 0.00327034 3 1 0
0.00436084 0.353761 0.00328493 3 1 0
0.00436296 0.353325 0.00329954 3 1 0
0.00436509 0.352889 0.00331421 3 1 0
0.00436722 0.352455 0.00332899 3 1 0
0.00436934 0.352024 0.00334378 3 1 0
0.00437147 0.351592 0.00335863 3 1 0
0.0043736 0.351157 0.00337348 3 1 0
0.00437572 0.350723 0.00338844 3 1 0
0.00437785 0.350293 0.00340345 3 1 0
0.00437998 0.349864 0.00341851 3 1 0
0.00438211 0.349431 0.00343364 3 1 0
0.00438424 0.348997 0.00344879 3 1 0
0.00438637 0.348571 0.00346395 3 1 0
0.0043885 0.34814 0.0034792 3 1 0
0.00439063 0.347708 0.00349451 3 1 0
0.00439276 0.347282 0.00350982 3 1 0
0.00439489 0.346852 0.00352524 3 1 0
0.00439702 0.346422 0.00354073 3 1 0
0.00439915 0.345996 0.00355622 3 1 0
0.00440128 0.345567 0.00357182 3 1 0
0.00440341 0.345137 0.00358749 3 1 0
0.00440554 0.344713 0.00360319 3 1 0
0.00440767 0.344285 0.00361898 3 1 0
0.0044098 0.343858 0.00363482 3 1 0
0.00441194 0.343432 0.00365075 3 1 0
0.00441407 0.343006 0.00366671 3 1 0
0.0044162 0.34258 0.00368272 3 1 0
0.00441833 0.342153 0.0036988 3 1 0
0.00442047 0.341726 0.00371494 3 1 0
0.0044226 0.3413 0.00373113 3 1 0
0.00442473 0.340878 0.00374739 3 1 0
0.00442687 0.340453 0.0037637 3 1 0
0.004429 0.340027 0.00378008 3 1 0
0.00443113 0.339606 0.00379653 3 1 0
0.00443327 0.339181 0.00381302 3 1 0
0.0044354 0.338757 0.00382957 3 1 0
0.00443753 0.338334 0.0038462 3 1 0
0.00443967 0.33791 0.00386287 3 1 0
0.0044418 0.33749 0.0038796 3 1 0
0.00444394 0.337069 0.0038964 3 1 0
0.00444607 0.33665 0.00391325 3 1 0
0.00444821 0.33623 0.00393016 3 1 0
0.00445034 0.335811 0.00394714 3 1 0
0.00445247 0.335392 0.00396417 3 1 0
0.00445461 0.334973 0.00398127 3 1 0
0.00445674 0.334552 0.00399843 3 1 0
0.00445888 0.334134 0.00401565 3 1 0
0.00446101 0.333717 0.00403294 3 1 0
0.00446315 0.333298 0.00405029 3 1 0
0.00446528 0.332881 0.0040677 3 1 0
0.00446742 0.332464 0.00408517 3 1 0
0.00446955 0.332046 0.00410269 3 1 0
0.00447169 0.33163 0.00412029 3 1 0
0.00447382 0.331214 0.00413795 3 1 0
0.00447596 0.330797 0.00415571 3 1 0
0.00447809 0.330382 0.0041735 3 1 0
0.00448023 0.329967 0.00419136 3 1 0
0.00448236 0.329552 0.00420926 3 1 0
0.0044845 0.329137 0.00422724 3 1 0
0.00448663 0.328723 0.00424529 3 1 0
0.00448877 0.328309 0.00426343 3 1 0
0.0044909 0.327895 0.00428161 3 1 0
0.00449303 0.327482 0.00429986 3 1 0
0.00449517 0.327067 0.00431811 3 1 0
0.0044973 0.326656 0.00433648 3 1 0
0.00449944 0.326245 0.00435491 3 1 0
0.00450157 0.325834 0.00437326 3 1 0
0.00450371 0.325423 0.00439179 3 1 0
0.00450584 0.325012 0.00441038 3 1 0
0.00450797 0.324601 0.00442928 3 1 0
0.00451011 0.324191 0.00444802 3 1 0
0.00451224 0.323781 0.00446679 3 1 0
0.00451438 0.323371 0.00448553 3 1 0
0.00451651 0.322963 0.00450448 3 1 0
0.00451864 0.322554 0.0045235 3 1 0
0.00452078 0.322146 0.00454242 3 1 0
0.00452291 0.321737 0.00456156 3 1 0
0.00452504 0.321329 0.00458076 3 1 0
0.00452718 0.320922 0.00459996 3 1 0
0.00452931 0.320515 0.00461929 3 1 0
0.00453144 0.320108 0.00463869 3 1 0
0.00453357 0.319703 0.00465812 3 1 0
0.00453571 0.319296 0.00467765 3 1 0
0.00453784 0.31889 0.00469725 3 1 0
0.00453997 0.318486 0.00471689 3 1 0
0.0045421 0.318081 0.00473662 3 1 0
0.00454423 0.317676 0.00475642 3 1 0
0.00454636 0.317273 0.00477629 3 1 0
0.00454849 0.316868 0.00479623 3 1 0
0.00455063 0.316464 0.00481624 3 1 0
0.00455276 0.316064 0.00483644 3 1 0
0.00455489 0.315661 0.0048566 3 1 0
0.00455702 0.315258 0.00487682 3 1 0
0.00455915 0.314856 0.00489683 3 1 0
0.00456128 0.314454 0.00491717 3 1 0
0.00456341 0.314052 0.00493758 3 1 0
0.00456553 0.313652 0.00495805 3 1 0
0.00456766 0.313251 0.0049786 3 1 0
0.00456979 0.31285 0.00499922 3 1 0
0.00457192 0.31245 0.00501975 3 1 0
0.00457405 0.31205 0.00504049 3 1 0
0.00457618 0.311649 0.00506131 3 1 0
0.0045783 0.311254 0.00508222 3 1 0
0.00458043 0.310857 0.00510315 3 1 0
0.00458256 0.31046 0.00512416 3 1 0
0.00458469 0.310064 0.00514544 3 1 0
0.00458681 0.309668 0.00516657 3 1 0
0.00458894 0.309271 0.00518777 3 1 0
0.00459106 0.308872 0.0052091 3 1 0
0.00459319 0.308474 0.00523049 3 1 0
0.00459531 0.308077 0.00525195 3 1 0
0.00459744 0.307685 0.00527327 3 1 0
0.00459956 0.307289 0.00529486 3 1 0
0.00460169 0.306894 0.00531652 3 1 0
0.00460381 0.3065 0.00533812 3 1 0
0.00460593 0.306108 0.00535991 3 1 0
0.00460806 0.305716 0.00538178 3 1 0
0.00461018 0.305322 0.00540367 3 1 0
0.0046123 0.304928 0.00542567 3 1 0
0.00461442 0.304534 0.00544775 3 1 0
0.00461654 0.304147 0.00546988 3 1 0
0.00461867 0.303755 0.00549209 3 1 0
0.00462079 0.303362 0.00551437 3 1 0
0.00462291 0.302973 0.00553675 3 1 0
0.00462503 0.302582 0.00555917 3 1 0
0.00462715 0.30219 0.00558166 3 1 0
0.00462927 0.301801 0.00560428 3 1 0
0.00463138 0.301411 0.00562691 3 1 0
0.0046335 0.301022 0.00564962 3 1 0
0.00463562 0.300633 0.00567248 3 1 0
0.00463774 0.300246 0.00569533 3 1 0
0.00463985 0.29986 0.00571824 3 1 0
0.00464197 0.299474 0.00574136 3 1 0
0.00464409 0.299088 0.00576442 3 1 0
0.0046462 0.298702 0.00578755 3 1 0
0.00464832 0.298314 0.00581089 3 1 0
0.00465043 0.297929 0.00583417 3 1 0
0.00465255 0.297545 0.00585751 3 1 0
0.00465466 0.297157 0.00588108 3 1 0
0.00465677 0.296773 0.00590457 3 1 0
0.00465889 0.29639 0.00592813 3 1 0
0.004661 0.296004 0.00595186 3 1 0
0.00466311 0.295622 0.00597563 3 1 0
0.00466522 0.295239 0.00599944 3 1 0
0.00466733 0.294854 0.00602325 3 1 0
0.00466944 0.294473 0.00604724 3 1 0
0.00467155 0.294092 0.00607131 3 1 0
0.00467366 0.293709 0.00609531 3 1 0
0.00467577 0.293328 0.00611952 3 1 0
0.00467788 0.292948 0.00614381 3 1 0
0.00467998 0.292567 0.00616804 3 1 0
0.00468209 0.292187 0.00619248 3 1 0
0.0046842 0.291808 0.00621699 3 1 0
0.0046863 0.291428 0.00624145 3 1 0
0.00468841 0.29105 0.00626611 3 1 0
0.00469051 0.290672 0.00629085 3 1 0
0.00469262 0.290294 0.00631557 3 1 0
0.00469472 0.289916 0.00634045 3 1 0
0.00469683 0.289539 0.00636541 3 1 0
0.00469893 0.289162 0.00639038 3 1 0
0.00470103 0.288785 0.00641548 3 1 0
0.00470313 0.288408 0.00644067 3 1 0
0.00470523 0.288033 0.00646586 3 1 0
0.00470733 0.287657 0.00649119 3 1 0
0.00470943 0.287281 0.0065166 3 1 0
0.00471153 0.286907 0.00654204 3 1 0
0.00471363 0.286532 0.0065676 3 1 0
0.00471573 0.286157 0.00659324 3 1 0
0.00471782 0.285784 0.00661892 3 1 0
0.00471992 0.28541 0.0066447 3 1 0
0.00472202 0.285036 0.00667057 3 1 0
0.00472411 0.284663 0.00669648 3 1 0
0.00472621 0.284289 0.0067225 3 1 0
0.0047283 0.283916 0.00674859 3 1 0
0.00473039 0.28355 0.00677475 3 1 0
0.00473249 0.283179 0.00680099 3 1 0
0.00473458 0.282807 0.00682732 3 1 0
0.00473667 0.282439 0.00685371 3 1 0
0.00473876 0.282068 0.00688019 3 1 0
0.00474085 0.281698 0.00690674 3 1 0
0.00474294 0.281331 0.00693337 3 1 0
0.00474503 0.280962 0.00696008 3 1 0
0.00474711 0.280593 0.00698686 3 1 0
0.0047492 0.280226 0.00701373 3 1 0
0.00475129 0.279858 0.00704067 3 1 0
0.00475337 0.27949 0.00706768 3 1 0
0.00475546 0.279125 0.0070948 3 1 0
0.00475754 0.278758 0.00712196 3 1 0
0.00475963 0.278391 0.00714921 3 1 0
0.00476171 0.278028 0.00717657 3 1 0
0.00476379 0.277663 0.00720397 3 1 0
0.00476587 0.277298 0.00723144 3 1 0
0.00476795 0.276934 0.00725903 3 1 0
0.00477003 0.276569 0.00728666 3 1 0
0.00477211 0.276205 0.00731438 3 1 0
0.00477419 0.275843 0.0073422 3 1 0
0.00477627 0.27548 0.00737007 3 1 0
0.00477835 0.275117 0.00739801 3 1 0
0.00478042 0.274758 0.00742608 3 1 0
0.0047825 0.274396 0.00745418 3 1 0
0.00478457 0.274034 0.00748236 3 1 0
0.00478664 0.273675 0.00751067 3 1 0
0.00478872 0.273315 0.007539 3 1 0
0.00479079 0.272955 0.00756741 3 1 0
0.00479286 0.272595 0.00759596 3 1 0
0.00479493 0.272236 0.00762452 3 1 0
0.004797 0.271878 0.00765317 3 1 0
0.00479907 0.271518 0.00768197 3 1 0
0.00480114 0.271161 0.00771076 3 1 0
0.00480321 0.270804 0.00773963 3 1 0
0.00480527 0.270448 0.00776865 3 1 0
0.00480734 0.270092 0.00779768 3 1 0
0.0048094 0.269736 0.00782679 3 1 0
0.00481147 0.26938 0.00785605 3 1 0
0.00481353 0.269025 0.00788531 3 1 0
0.00481559 0.26867 0.00791465 3 1 0
0.00481765 0.268316 0.00794413 3 1 0
0.00481971 0.267962 0.00797362 3 1 0
0.00482177 0.267608 0.00800319 3 1 0
0.00482383 0.267253 0.00803292 3 1 0
0.00482589 0.266902 0.00806264 3 1 0
0.00482794 0.26655 0.00809245 3 1 0
0.00483 0.266198 0.0081224 3 1 0
0.00483205 0.265847 0.00815236 3 1 0
0.00483411 0.265497 0.00818239 3 1 0
0.00483616 0.265144 0.00821256 3 1 0
0.00483821 0.264795 0.00824275 3 1 0
0.00484027 0.264446 0.00827301 3 1 0
0.00484232 0.264093 0.00830343 3 1 0
0.00484436 0.263746 0.00833384 3 1 0
0.00484641 0.263398 0.00836432 3 1 0
0.00484846 0.263051 0.00839496 3 1 0
0.00485051 0.262704 0.0084256 3 1 0
0.00485255 0.262358 0.00845631 3 1 0
0.0048546 0.262012 0.00848715 3 1 0
0.00485664 0.261666 0.00851801 3 1 0
0.00485868 0.261322 0.00854895 3 1 0
0.00486072 0.260976 0.00858003 3 1 0
0.00486276 0.260632 0.00861111 3 1 0
0.0048648 0.260289 0.00864227 3 1 0
0.00486684 0.259945 0.0086736 3 1 0
0.00486888 0.259602 0.0087049 3 1 0
0.00487091 0.25926 0.00873626 3 1 0
0.00487295 0.258917 0.00876774 3 1 0
0.00487498 0.258576 0.00879925 3 1 0
0.00487701 0.258236 0.00883084 3 1 0
0.00487905 0.257893 0.00886257 3 1 0
0.00488108 0.257554 0.00889429 3 1 0
0.00488311 0.257215 0.00892608 3 1 0
0.00488513 0.256875 0.008958 3 1 0
0.00488716 0.256538 0.00898993 3 1 0
0.00488919 0.2562 0.00902192 3 1 0
0.00489121 0.255863 0.00905403 3 1 0
0.00489324 0.255527 0.00908615 3 1 0
0.00489526 0.255191 0.00911834 3 1 0
0.00489728 0.254852 0.00915068 3 1 0
0.0048993 0.254518 0.00918299 3 1 0
0.00490132 0.254185 0.00921537 3 1 0
0.00490333 0.253848 0.00924787 3 1 0
0.00490535 0.253516 0.00928037 3 1 0
0.00490736 0.253184 0.00931293 3 1 0
0.00490938 0.252852 0.0093456 3 1 0
0.00491139 0.252522 0.00937827 3 1 0
0.0049134 0.252192 0.009411 3 1 0
0.00491541 0.25186 0.00944383 3 1 0
0.00491741 0.251532 0.00947667 3 1 0
0.00491942 0.251204 0.00950956 3 1 0
0.00492142 0.250876 0.00954255 3 1 0
0.00492343 0.250549 0.00957553 3 1 0
0.00492543 0.250222 0.00960856 3 1 0
0.00492743 0.249897 0.00964169 3 1 0
0.00492942 0.249571 0.00967481 3 1 0
0.00493142 0.249247 0.00970796 3 1 0
0.00493341 0.248923 0.00974121 3 1 0
0.00493541 0.248601 0.00977444 3 1 0
0.0049374 0.248279 0.0098077 3 1 0
0.00493938 0.247957 0.00984105 3 1 0
0.00494137 0.247637 0.00987436 3 1 0
0.00494335 0.247317 0.0099077 3 1 0
0.00494534 0.247 0.0099411 3 1 0
0.00494732 0.246682 0.00997447 3 1 0
0.00494929 0.246365 0.0100079 3 1 0
0.00495127 0.246049 0.0100413 3 1 0
0.00495324 0.245735 0.0100747 3 1 0
0.00495521 0.245422 0.0101081 3 1 0
0.00495718 0.245107 0.0101415 4 1 0
0.00495914 0.244797 0.0101749 4 1 0
0.0049611 0.244488 0.0102082 4 1 0
0.00496306 0.244176 0.0102416 4 1 0
0.00496501 0.24387 0.0102749 4 1 0
0.00496696 0.243566 0.0103082 4 1 0
0.00496891 0.243263 0.0103414 4 1 0
0.00497085 0.242961 0.0103745 4 1 0
0.00497279 0.24266 0.0104076 4 1 0
0.00497472 0.242361 0.0104406 4 1 0
0.00497665 0.242064 0.0104735 4 1 0
0.00497857 0.241768 0.0105063 4 1 0
0.00498048 0.241474 0.010539 4 1 0
0.00498239 0.241183 0.0105715 4 1 0
0.0049843 0.240895 0.0106038 4 1 0
0.00498619 0.240608 0.010636 4 1 0
0.00498808 0.240325 0.0106679 4 1 0
0.00498995 0.240045 0.0106996 4 1 0
0.00499182 0.239765 0.010731 4 1 0
0.00499367 0.239492 0.0107621 4 1 0
0.00499551 0.239223 0.0107929 4 1 0
0.00499734 0.238955 0.0108233 4 1 0
0.00499915 0.238695 0.0108532 4 1 0
0.00500094 0.238441 0.0108826 4 1 0
0.00500271 0.23819 0.0109114 4 1 0
0.00500445 0.237946 0.0109395 4 1 0
0.00500617 0.237709 0.0109668 4 1 0
0.00500785 0.237484 0.0109933 4 1 0
0.0050095 0.237265 0.0110187 4 1 0
0.0050111 0.237056 0.011043 4 1 0
0.00501265 0.236863 0.0110658 4 1 0
0.00501414 0.23668 0.0110872 4 1 0
0.00501556 0.236513 0.0111067 4 1 0
0.0050169 0.236365 0.0111241 4 1 0
0.00501818 0.236236 0.0111391 4 1 0
0.0050193 0.23613 0.0111515 4 1 0
0.00502032 0.23605 0.0111609 4 1 0
0.00502118 0.235996 0.0111671 4 1 0
0.00502187 0.23597 0.01117 4 1 0
0.00502244 0.235973 0.0111694 4 1 0
0.00502285 0.236006 0.0111653 4 1 0
0.00502309 0.236066 0.0111579 4 1 0
0.00502317 0.236154 0.0111473 4 1 0
0.00502311 0.236266 0.0111338 4 1 0
0.0050229 0.2364 0.0111178 4 1 0
0.00502256 0.236553 0.0110995 4 1 0
0.00502211 0.236724 0.0110791 4 1 0
0.00502156 0.236909 0.011057 4 1 0
0.00502092 0.237109 0.0110335 4 1 0
0.0050202 0.237319 0.0110086 4 1 0
0.00501941 0.23754 0.0109826 4 1 0
0.00501855 0.23777 0.0109556 4 1 0
0.00501764 0.238008 0.0109277 4 1 0
0.00501667 0.238253 0.0108991 4 1 0
0.00501566 0.238502 0.0108699 4 1 0
0.00501461 0.238759 0.0108401 4 1 0
0.00501352 0.239021 0.0108098 4 1 0
0.0050124 0.239287 0.0107792 4 1 0
0.00501125 0.239558 0.010748 4 1 0
0.00501006 0.239832 0.0107166 4 1 0
0.00500885 0.240109 0.0106849 4 1 0
0.00500762 0.240391 0.0106529 4 1 0
0.00500636 0.240675 0.0106207 4 1 0
0.00500508 0.240958 0.0105883 4 1 0
0.00500378 0.241248 0.0105556 4 1 0
0.00500246 0.24154 0.0105229 4 1 0
0.00500112 0.241834 0.01049 4 1 0
0.00499977 0.242129 0.010457 4 1 0
0.0049984 0.242426 0.0104239 4 1 0
0.00499702 0.242729 0.0103907 4 1 0
0.00499562 0.24303 0.0103574 4 1 0
0.00499421 0.243332 0.010324 4 1 0
0.00499279 0.243637 0.0102907 3 1 0
0.00499135 0.243943 0.0102572 3 1 0
0.0049899 0.24425 0.0102237 3 1 0
0.00498845 0.244558 0.0101903 3 1 0
0.00498698 0.244868 0.0101567 3 1 0
0.0049855 0.245179 0.0101232 3 1 0
0.00498401 0.24549 0.0100897 3 1 0
0.00498252 0.245804 0.0100561 3 1 0
0.00498101 0.246118 0.0100225 3 1 0
0.0049795 0.246433 0.00998914 3 1 0
0.00497798 0.246749 0.00995557 3 1 0
0.00497644 0.247067 0.00992202 3 1 0
0.00497491 0.247385 0.00988866 3 1 0
0.00497336 0.247704 0.00985515 3 1 0
0.00497181 0.248024 0.00982166 3 1 0
0.00497025 0.248343 0.0097884 3 1 0
0.00496868 0.248665 0.00975497 3 1 0
0.00496711 0.248988 0.00972158 3 1 0
0.00496553 0.249307 0.00968829 3 1 0
0.00496394 0.249631 0.00965505 3 1 0
0.00496235 0.249956 0.00962187 3 1 0
0.00496075 0.250281 0.00958849 3 1 0
0.00495915 0.250607 0.00955539 3 1 0
0.00495754 0.250934 0.00952234 3 1 0
0.00495593 0.251261 0.00948911 3 1 0
0.00495431 0.251589 0.00945615 3 1 0
0.00495268 0.251918 0.00942325 3 1 0
0.00495105 0.25225 0.00939032 3 1 0
0.00494941 0.252579 0.00935753 3 1 0
0.00494777 0.252909 0.0093248 3 1 0
0.00494613 0.253241 0.00929199 3 1 0
0.00494448 0.253572 0.00925937 3 1 0
0.00494282 0.253903 0.00922682 3 1 0
0.00494116 0.25424 0.00919423 3 1 0
0.0049395 0.254573 0.0091618 3 1 0
0.00493783 0.254906 0.00912943 3 1 0
0.00493616 0.255242 0.00909703 3 1 0
0.00493448 0.255576 0.00906478 3 1 0
0.0049328 0.255911 0.0090326 3 1 0
0.00493112 0.256248 0.00900045 3 1 0
0.00492943 0.256584 0.0089684 3 1 0
0.00492774 0.25692 0.00893643 3 1 0
0.00492604 0.257258 0.00890451 3 1 0
0.00492434 0.257595 0.00887267 3 1 0
0.00492263 0.257933 0.00884091 3 1 0
0.00492093 0.258274 0.00880921 3 1 0
0.00491921 0.258613 0.00877758 3 1 0
0.0049175 0.258952 0.00874603 3 1 0
0.00491578 0.259295 0.00871456 3 1 0
0.00491406 0.259635 0.00868315 3 1 0
0.00491233 0.259976 0.00865182 3 1 0
0.0049106 0.260319 0.00862062 3 1 0
0.00490887 0.26066 0.00858943 3 1 0
0.00490714 0.261004 0.00855831 3 1 0
0.0049054 0.26135 0.00852734 3 1 0
0.00490365 0.261693 0.00849637 3 1 0
0.00490191 0.262036 0.00846548 3 1 0
0.00490016 0.262385 0.00843474 3 1 0
0.00489841 0.262729 0.008404 3 1 0
0.00489665 0.263075 0.00837333 3 1 0
0.00489489 0.26342 0.00834291 3 1 0
0.00489313 0.263765 0.00831239 3 1 0
0.00489137 0.264111 0.00828195 3 1 0
0.0048896 0.264461 0.00825166 3 1 0
0.00488783 0.264808 0.00822138 3 1 0
0.00488606 0.265156 0.00819117 3 1 0
0.00488428 0.265506 0.00816121 3 1 0
0.0048825 0.265855 0.00813115 3 1 0
0.00488072 0.266204 0.00810117 3 1 0
0.00487894 0.266554 0.00807131 3 1 0
0.00487715 0.266904 0.00804155 3 1 0
0.00487536 0.267253 0.00801188 3 1 0
0.00487357 0.267608 0.00798222 3 1 0
0.00487178 0.267959 0.00795265 3 1 0
0.00486998 0.26831 0.00792315 3 1 0
0.00486818 0.268663 0.00789372 3 1 0
0.00486637 0.269015 0.00786439 3 1 0
0.00486457 0.269368 0.00783513 3 1 0
0.00486276 0.269722 0.00780599 3 1 0
0.00486095 0.270075 0.0077769 3 1 0
0.00485914 0.270428 0.00774789 3 1 0
0.00485732 0.270786 0.00771902 3 1 0
0.0048555 0.27114 0.00769017 3 1 0
0.00485368 0.271495 0.0076614 3 1 0
0.00485186 0.271851 0.00763283 3 1 0
0.00485003 0.272207 0.00760422 3 1 0
0.00484821 0.272563 0.00757569 3 1 0
0.00484638 0.272922 0.00754742 3 1 0
0.00484454 0.273279 0.0075191 3 1 0
0.00484271 0.273636 0.00749087 3 1 0
0.00484087 0.273995 0.00746251 3 1 0
0.00483903 0.274354 0.00743438 3 1 0
0.00483719 0.274712 0.00740633 3 1 0
0.00483535 0.275071 0.00737831 3 1 0
0.0048335 0.275431 0.00735043 3 1 0
0.00483165 0.275791 0.00732263 3 1 0
0.0048298 0.276151 0.00729492 3 1 0
0.00482795 0.276512 0.00726729 3 1 0
0.0048261 0.276873 0.00723973 3 1 0
0.00482424 0.277234 0.00721228 3 1 0
0.00482238 0.277596 0.00718489 3 1 0
0.00482052 0.277958 0.00715758 3 1 0
0.00481865 0.27832 0.00713036 3 1 0
0.00481679 0.278683 0.00710321 3 1 0
0.00481492 0.279046 0.00707615 3 1 0
0.00481305 0.279409 0.00704918 3 1 0
0.00481118 0.279773 0.00702227 3 1 0
0.00480931 0.280137 0.00699544 3 1 0
0.00480743 0.280501 0.00696875 3 1 0
0.00480555 0.280866 0.00694207 3 1 0
0.00480367 0.281232 0.00691548 3 1 0
0.00480179 0.281597 0.00688898 3 1 0
0.00479991 0.281964 0.00686254 3 1 0
0.00479802 0.28233 0.00683619 3 1 0
0.00479613 0.282696 0.0068099 3 1 0
0.00479424 0.283064 0.00678372 3 1 0
0.00479235 0.283431 0.00675761 3 1 0
0.00479046 0.283795 0.00673161 3 1 0
0.00478856 0.284164 0.00670567 3 1 0
0.00478667 0.284533 0.00667981 3 1 0
0.00478477 0.284899 0.00665405 3 1 0
0.00478287 0.285269 0.00662835 3 1 0
0.00478097 0.285639 0.00660273 3 1 0
0.00477906 0.286008 0.00657719 3 1 0
0.00477716 0.286379 0.00655173 3 1 0
0.00477525 0.28675 0.00652636 3 1 0
0.00477334 0.287119 0.00650104 3 1 0
0.00477143 0.287491 0.00647582 3 1 0
0.00476951 0.287863 0.00645068 3 1 0
0.0047676 0.288233 0.0064256 3 1 0
0.00476568 0.288606 0.00640062 3 1 0
0.00476376 0.288979 0.00637572 3 1 0
0.00476184 0.289349 0.00635086 3 1 0
0.00475992 0.289721 0.00632611 3 1 0
0.004758 0.290096 0.00630145 3 1 0
0.00475607 0.29047 0.00627678 3 1 0
0.00475414 0.290843 0.00625227 3 1 0
0.00475222 0.291217 0.00622783 3 1 0
0.00475029 0.291593 0.00620333 3 1 0
0.00474835 0.291967 0.00617904 3 1 0
0.00474642 0.292342 0.00615484 3 1 0
0.00474449 0.292724 0.00613076 3 1 0
0.00474255 0.293099 0.00610665 3 1 0
0.00474061 0.293475 0.00608262 3 1 0
0.00473867 0.293852 0.00605862 3 1 0
0.00473673 0.294229 0.00603475 3 1 0
0.00473479 0.294605 0.00601095 3 1 0
0.00473284 0.294983 0.00598724 3 1 0
0.0047309 0.29536 0.0059636 3 1 0
0.00472895 0.295737 0.00594004 3 1 0
0.004727 0.296113 0.00591657 3 1 0
0.00472505 0.296493 0.00589316 3 1 0
0.0047231 0.296873 0.00586982 3 1 0
0.00472114 0.297251 0.00584659 3 1 0
0.00471919 0.297631 0.00582341 3 1 0
0.00471723 0.298013 0.0058003 3 1 0
0.00471527 0.298391 0.00577729 3 1 0
0.00471331 0.298773 0.00575433 3 1 0
0.00471135 0.299156 0.00573145 3 1 0
0.00470939 0.299536 0.00570867 3 1 0
0.00470743 0.299919 0.00568594 3 1 0
0.00470546 0.300302 0.00566329 3 1 0
0.0047035 0.300686 0.00564074 3 1 0
0.00470153 0.301069 0.00561823 3 1 0
0.00469956 0.301453 0.0055958 3 1 0
0.00469759 0.301837 0.00557347 3 1 0
0.00469562 0.30222 0.00555119 3 1 0
0.00469364 0.302604 0.00552898 3 1 0
0.00469167 0.302987 0.00550687 3 1 0
0.00468969 0.303371 0.00548481 3 1 0
0.00468771 0.303755 0.00546282 3 1 0
0.00468574 0.304141 0.00544094 3 1 0
0.00468376 0.304525 0.0054191 3 1 0
0.00468177 0.30491 0.00539733 3 1 0
0.00467979 0.305294 0.00537567 3 1 0
0.00467781 0.305681 0.00535405 3 1 0
0.00467582 0.306069 0.00533249 3 1 0
0.00467384 0.306457 0.005311 3 1 0
0.00467185 0.306843 0.0052896 3 1 0
0.00466986 0.307229 0.00526827 3 1 0
0.00466787 0.307622 0.00524701 3 1 0
0.00466588 0.308009 0.00522583 3 1 0
0.00466389 0.308397 0.00520472 3 1 0
0.00466189 0.308788 0.00518368 3 1 0
0.0046599 0.309176 0.00516271 3 1 0
0.0046579 0.309564 0.00514181 3 1 0
0.00465591 0.309955 0.005121 3 1 0
0.00465391 0.310344 0.00510024 3 1 0
0.00465191 0.310733 0.00507956 3 1 0
0.00464991 0.311122 0.00505895 3 1 0
0.00464791 0.311512 0.0050384 3 1 0
0.0046459 0.311904 0.00501793 3 1 0
0.0046439 0.312297 0.00499753 3 1 0
0.0046419 0.312687 0.0049772 3 1 0
0.00463989 0.313078 0.00495693 3 1 0
0.00463788 0.313475 0.00493674 3 1 0
0.00463587 0.313866 0.00491662 3 1 0
0.00463386 0.314258 0.00489657 3 1 0
0.00463185 0.314653 0.00487659 3 1 0
0.00462984 0.315045 0.00485668 3 1 0
0.00462783 0.315437 0.00483684 3 1 0
0.00462582 0.315832 0.00481706 3 1 0
0.0046238 0.316225 0.00479735 3 1 0
0.00462179 0.316621 0.00477772 3 1 0
0.00461977 0.317014 0.00475815 3 1 0
0.00461775 0.317411 0.00473865 3 1 0
0.00461573 0.317808 0.00471923 3 1 0
0.00461371 0.318202 0.00469985 3 1 0
0.00461169 0.318597 0.00468056 3 1 0
0.00460967 0.318995 0.00466134 3 1 0
0.00460765 0.319394 0.00464217 3 1 0
0.00460563 0.31979 0.00462308 3 1 0
0.0046036 0.320186 0.00460406 3 1 0
0.00460158 0.320583 0.0045851 3 1 0
0.00459955 0.320982 0.00456621 3 1 0
0.00459752 0.321382 0.00454739 3 1 0
0.0045955 0.321779 0.00452861 3 1 0
0.00459347 0.322179 0.00450993 3 1 0
0.00459144 0.322579 0.00449131 3 1 0
0.00458941 0.32298 0.00447273 3 1 0
0.00458738 0.32338 0.00445424 3 1 0
0.00458534 0.32378 0.00443582 3 1 0
0.00458331 0.32418 0.00441744 3 1 0
0.00458128 0.32458 0.00439915 3 1 0
0.00457924 0.32498 0.00438092 3 1 0
0.00457721 0.325381 0.00436276 3 1 0
0.00457517 0.325782 0.00434466 3 1 0
0.00457313 0.326183 0.00432662 3 1 0
0.00457109 0.326583 0.00430869 3 1 0
0.00456905 0.326983 0.00429078 3 1 0
0.00456702 0.327384 0.00427293 3 1 0
0.00456497 0.327785 0.00425521 3 1 0
0.00456293 0.328188 0.00423748 3 1 0
0.00456089 0.328592 0.00421983 3 1 0
0.00455885 0.328993 0.00420221 3 1 0
0.00455681 0.329398 0.00418469 3 1 0
0.00455476 0.329803 0.00416723 3 1 0
0.00455272 0.330208 0.00414985 3 1 0
0.00455067 0.330611 0.00413252 3 1 0
0.00454863 0.331014 0.00411526 3 1 0
0.00454658 0.33142 0.00409808 3 1 0
0.00454453 0.331824 0.00408095 3 1 0
0.00454248 0.332229 0.00406388 3 1 0
0.00454043 0.332637 0.00404686 3 1 0
0.00453838 0.333042 0.00402992 3 1 0
0.00453633 0.333446 0.00401305 3 1 0
0.00453428 0.333858 0.00399622 3 1 0
0.00453223 0.334263 0.00397947 3 1 0
0.00453018 0.334669 0.00396278 3 1 0
0.00452813 0.335077 0.00394613 3 1 0
0.00452607 0.335483 0.00392956 3 1 0
0.00452402 0.33589 0.00391306 3 1 0
0.00452197 0.336297 0.00389658 3 1 0
0.00451991 0.336707 0.0038802 3 1 0
0.00451786 0.337116 0.00386388 3 1 0
0.0045158 0.337523 0.00384758 3 1 0
0.00451374 0.337933 0.00383138 3 1 0
0.00451169 0.338343 0.00381524 3 1 0
0.00450963 0.338751 0.00379913 3 1 0
0.00450757 0.339161 0.00378312 3 1 0
0.00450551 0.339572 0.00376716 3 1 0
0.00450345 0.33998 0.00375123 3 1 0
0.00450139 0.340392 0.00373539 3 1 0
0.00449933 0.340803 0.00371962 3 1 0
0.00449727 0.341213 0.00370387 3 1 0
0.00449521 0.341625 0.00368821 3 1 0
0.00449315 0.342037 0.00367261 3 1 0
0.00449109 0.342443 0.00365703 3 1 0
0.00448902 0.342857 0.00364154 3 1 0
0.00448696 0.34327 0.00362612 3 1 0
0.0044849 0.343678 0.00361072 3 1 0
0.00448283 0.34409 0.00359541 3 1 0
0.00448077 0.344504 0.00358016 3 1 0
0.0044787 0.344919 0.00356501 3 1 0
0.00447664 0.345333 0.00354986 3 1 0
0.00447457 0.345748 0.00353477 3 1 0
0.00447251 0.346162 0.00351971 3 1 0
0.00447044 0.346577 0.00350474 3 1 0
0.00446838 0.346991 0.00348983 3 1 0
0.00446631 0.347404 0.003475 3 1 0
0.00446424 0.347819 0.00346022 3 1 0
0.00446217 0.348234 0.00344549 3 1 0
0.00446011 0.348648 0.00343082 3 1 0
0.00445804 0.349063 0.00341621 3 1 0
0.00445597 0.349479 0.00340165 3 1 0
0.0044539 0.349893 0.00338715 3 1 0
0.00445183 0.35031 0.00337271 3 1 0
0.00444976 0.350726 0.00335832 3 1 0
0.00444769 0.351141 0.00334398 3 1 0
0.00444563 0.351558 0.00332971 3 1 0
0.00444356 0.351975 0.0033155 3 1 0
0.00444149 0.352389 0.00330131 3 1 0
0.00443942 0.352807 0.00328721 3 1 0
0.00443734 0.353225 0.00327316 3 1 0
0.00443527 0.353642 0.00325914 3 1 0
0.0044332 0.35406 0.00324521 3 1 0
0.00443113 0.354478 0.00323132 3 1 0
0.00442906 0.354895 0.00321746 3 1 0
0.00442699 0.355314 0.00320369 3 1 0
0.00442492 0.355732 0.00318997 3 1 0
0.00442285 0.356151 0.00317625 3 1 0
0.00442077 0.35657 0.00316264 3 1 0
0.0044187 0.356989 0.00314908 3 1 0
0.00441663 0.357408 0.00313552 3 1 0
0.00441456 0.357828 0.00312207 3 1 0
0.00441249 0.358247 0.00310867 3 1 0
0.00441041 0.358667 0.00309527 3 1 0
0.00440834 0.359087 0.00308198 3 1 0
0.00440627 0.359507 0.00306874 3 1 0
0.0044042 0.359927 0.00305551 3 1 0
0.00440212 0.360347 0.00304237 3 1 0
0.00440005 0.360768 0.00302929 3 1 0
0.00439798 0.361188 0.00301621 3 1 0
0.00439591 0.361609 0.00300324 3 1 0
0.00439383 0.362029 0.00299031 3 1 0
0.00439176 0.362448 0.00297739 3 1 0
0.00438969 0.362868 0.00296457 3 1 0
0.00438762 0.363288 0.00295179 3 1 0
0.00438554 0.363709 0.00293906 3 1 0
0.00438347 0.364132 0.00292639 3 1 0
0.0043814 0.364556 0.00291376 3 1 0
0.00437933 0.364975 0.0029012 3 1 0
0.00437726 0.365399 0.00288868 3 1 0
0.00437518 0.365823 0.00287621 3 1 0
0.00437311 0.366242 0.00286379 3 1 0
0.00437104 0.366667 0.00285142 3 1 0
0.00436897 0.367092 0.00283911 3 1 0
0.0043669 0.367514 0.00282686 3 1 0
0.00436482 0.367936 0.00281465 3 1 0
0.00436275 0.368359 0.00280249 3 1 0
0.00436068 0.368789 0.0027904 3 1 0
0.00435861 0.369212 0.00277834 3 1 0
0.00435654 0.369635 0.00276634 3 1 0
0.00435447 0.370063 0.00275437 3 1 0
0.0043524 0.370487 0.00274246 3 1 0
0.00435033 0.37091 0.00273061 3 1 0
0.00434826 0.371336 0.00271878 3 1 0
0.00434619 0.37176 0.00270702 3 1 0
0.00434412 0.372185 0.00269532 3 1 0
0.00434205 0.372611 0.00268364 3 1 0
0.00433998 0.373035 0.00267203 3 1 0
0.00433791 0.37346 0.00266046 3 1 0
0.00433585 0.373886 0.00264893 3 1 0
0.00433378 0.374312 0.00263746 3 1 0
0.00433171 0.374737 0.00262605 3 1 0
0.00432964 0.375163 0.00261465 3 1 0
0.00432758 0.375589 0.00260333 3 1 0
0.00432551 0.376014 0.00259205 3 1 0
0.00432344 0.376441 0.00258078 3 1 0
0.00432138 0.376867 0.0025696 3 1 0
0.00431931 0.377293 0.00255847 3 1 0
0.00431725 0.377719 0.00254734 3 1 0
0.00431518 0.378146 0.0025363 3 1 0
0.00431312 0.378572 0.00252531 3 1 0
0.00431105 0.378999 0.00251431 3 1 0
0.00430899 0.379425 0.00250341 3 1 0
0.00430693 0.379851 0.00249256 3 1 0
0.00430486 0.380278 0.00248171 3 1 0
0.0043028 0.380705 0.00247095 3 1 0
0.00430074 0.381131 0.00246023 3 1 0
0.00429868 0.38156 0.00244954 3 1 0
0.00429662 0.381986 0.00243891 3 1 0
0.00429456 0.382412 0.00242833 3 1 0
0.0042925 0.382841 0.00241779 3 1 0
0.00429044 0.383267 0.0024073 3 1 0
0.00428838 0.383694 0.00239686 3 1 0
0.00428632 0.384123 0.00238646 3 1 0
0.00428427 0.384549 0.00237611 3 1 0
0.00428221 0.384976 0.00236579 3 1 0
0.00428016 0.385402 0.00235577 3 1 0
0.0042781 0.385828 0.00234553 3 1 0
0.00427605 0.386255 0.00233533 3 1 0
0.00427399 0.386686 0.00232507 3 1 0
0.00427194 0.387112 0.00231498 3 1 0
0.00426989 0.387539 0.00230492 3 1 0
0.00426783 0.387972 0.00229493 3 1 0
0.00426578 0.388398 0.00228497 3 1 0
0.00426373 0.388825 0.00227505 3 1 0
0.00426168 0.38926 0.00226513 3 1 0
0.00425963 0.389687 0.00225531 3 1 0
0.00425759 0.390114 0.00224553 3 1 0
0.00425554 0.390546 0.0022358 3 1 0
0.00425349 0.390974 0.00222611 3 1 0
0.00425145 0.391402 0.00221647 3 1 0
0.0042494 0.391831 0.00220687 3 1 0
0.00424736 0.39226 0.00219731 3 1 0
0.00424531 0.392688 0.00218779 3 1 0
0.00424327 0.393116 0.00217832 3 1 0
0.00424123 0.393545 0.00216889 3 1 0
0.00423919 0.393973 0.0021595 3 1 0
0.00423715 0.394399 0.00215015 3 1 0
0.00423511 0.394829 0.00214085 3 1 0
0.00423307 0.395258 0.00213159 3 1 0
0.00423104 0.395686 0.00212233 3 1 0
0.004229 0.396115 0.00211316 3 1 0
0.00422697 0.396543 0.00210402 3 1 0
0.00422493 0.396972 0.00209491 3 1 0
0.0042229 0.3974 0.00208585 3 1 0
0.00422087 0.397828 0.00207685 3 1 0
0.00421884 0.398256 0.00206791 3 1 0
0.00421681 0.398685 0.00205898 3 1 0
0.00421478 0.399113 0.0020501 3 1 0
0.00421275 0.39954 0.00204127 3 1 0
0.00421073 0.399968 0.00203247 3 1 0
0.0042087 0.400397 0.00202371 3 1 0
0.00420668 0.400823 0.00201498 3 1 0
0.00420466 0.401252 0.00200631 3 1 0
0.00420263 0.40168 0.00199767 3 1 0
0.00420061 0.402104 0.00198905 3 1 0
0.00419859 0.402533 0.00198049 3 1 0
0.00419658 0.402961 0.00197198 3 1 0
0.00419456 0.40339 0.00196343 3 1 0
0.00419254 0.403818 0.001955 3 1 0
0.00419053 0.404245 0.0019466 3 1 0
0.00418852 0.40467 0.0019382 3 1 0
0.00418651 0.405096 0.00192988 3 1 0
0.0041845 0.405522 0.0019216 3 1 0
0.00418249 0.405951 0.0019134 3 1 0
0.00418048 0.406377 0.0019052 3 1 0
0.00417848 0.406802 0.00189703 3 1 0
0.00417647 0.407231 0.0018889 3 1 0
0.00417447 0.407657 0.0018808 3 1 0
0.00417247 0.408082 0.00187273 3 1 0
0.00417047 0.40851 0.00186471 3 1 0
0.00416847 0.408935 0.00185675 3 1 0
0.00416647 0.40936 0.00184881 3 1 0
0.00416448 0.409787 0.00184083 3 1 0
0.00416248 0.410212 0.00183298 3 1 0
0.00416049 0.410637 0.00182517 3 1 0
0.0041585 0.411062 0.00181723 3 1 0
0.00415651 0.411487 0.00180949 3 1 0
0.00415452 0.411911 0.00180178 3 1 0
0.00415254 0.412336 0.00179419 3 1 0
0.00415056 0.41276 0.00178656 3 1 0
0.00414857 0.413184 0.00177898 3 1 0
0.00414659 0.413605 0.0017714 3 1 0
0.00414462 0.41403 0.00176387 3 1 0
0.00414264 0.414454 0.00175637 3 1 0
0.00414066 0.414874 0.00174886 3 1 0
0.00413869 0.415298 0.00174144 3 1 0
0.00413672 0.415722 0.00173407 3 1 0
0.00413475 0.416144 0.00172672 3 1 0
0.00413278 0.416567 0.00171942 3 1 0
0.00413082 0.416989 0.00171216 3 1 0
0.00412886 0.41741 0.00170494 3 1 0
0.0041269 0.417832 0.00169775 3 1 0
0.00412494 0.418252 0.0016906 3 1 0
0.00412298 0.418672 0.00168349 3 1 0
0.00412102 0.419093 0.00167641 3 1 0
0.00411907 0.419513 0.00166937 3 1 0
0.00411712 0.419932 0.00166239 3 1 0
0.00411517 0.420352 0.00165543 3 1 0
0.00411323 0.420771 0.00164851 3 1 0
0.00411128 0.421187 0.00164164 3 1 0
0.00410934 0.421606 0.00163479 3 1 0
0.0041074 0.422024 0.00162798 3 1 0
0.00410547 0.422439 0.00162123 3 1 0
0.00410353 0.422857 0.00161449 3 1 0
0.0041016 0.423275 0.00160779 3 1 0
0.00409967 0.423689 0.00160112 3 1 0
0.00409774 0.424106 0.00159446 3 1 0
0.00409582 0.424522 0.00158784 3 1 0
0.0040939 0.424933 0.00158124 3 1 0
0.00409198 0.425349 0.00157469 3 1 0
0.00409006 0.425764 0.00156818 3 1 0
0.00408814 0.426173 0.00156169 3 1 0
0.00408623 0.426588 0.00155525 3 1 0
0.00408432 0.427002 0.00154885 3 1 0
0.00408242 0.427414 0.00154249 3 1 0
0.00408052 0.427827 0.00153615 3 1 0
0.00407861 0.42824 0.00152986 3 1 0
0.00407672 0.428649 0.00152361 3 1 0
0.00407482 0.42906 0.00151738 3 1 0
0.00407293 0.429471 0.00151119 3 1 0
0.00407104 0.429877 0.00150505 3 1 0
0.00406916 0.430286 0.00149893 3 1 0
0.00406727 0.430695 0.00149285 3 1 0
0.0040654 0.431098 0.00148682 3 1 0
0.00406352 0.431506 0.00148081 3 1 0
0.00406165 0.431913 0.00147483 3 1 0
0.00405978 0.432319 0.00146899 3 1 0
0.00405791 0.432724 0.0014631 3 1 0
0.00405605 0.433129 0.00145724 3 1 0
0.00405419 0.433523 0.00145127 3 1 0
0.00405233 0.433927 0.00144546 3 1 0
0.00405048 0.434331 0.00143969 3 1 0
0.00404863 0.434728 0.00143394 3 1 0
0.00404679 0.43513 0.00142824 3 1 0
0.00404494 0.435531 0.00142258 3 1 0
0.00404311 0.435927 0.00141697 3 1 0
0.00404127 0.436327 0.00141138 3 1 0
0.00403944 0.436726 0.00140583 3 1 0
0.00403762 0.437119 0.00140032 3 1 0
0.00403579 0.437512 0.00139484 3 1 0
0.00403398 0.437907 0.00138939 3 1 0
0.00403216 0.438305 0.001384 3 1 0
0.00403035 0.438696 0.00137862 3 1 0
0.00402855 0.439086 0.00137328 3 1 0
0.00402675 0.43948 0.00136799 3 1 0
0.00402495 0.439868 0.00136272 3 1 0
0.00402316 0.440255 0.00135749 3 1 0
0.00402137 0.440645 0.00135231 3 1 0
0.00401958 0.44103 0.00134713 3 1 0
0.00401781 0.441417 0.00134198 3 1 0
0.00401603 0.4418 0.00133682 3 1 0
0.00401426 0.442186 0.00133174 3 1 0
0.0040125 0.44257 0.0013267 3 1 0
0.00401074 0.442954 0.00132167 3 1 0
0.00400898 0.443332 0.0013167 3 1 0
0.00400723 0.443709 0.00131176 3 1 0
0.00400549 0.444093 0.00130685 3 1 0
0.00400375 0.444468 0.00130199 3 1 0
0.00400202 0.444842 0.00129716 3 1 0
0.00400029 0.44522 0.00129236 3 1 0
0.00399857 0.445592 0.0012876 3 1 0
0.00399685 0.445962 0.00128288 3 1 0
0.00399514 0.446332 0.0012782 3 1 0
0.00399343 0.446699 0.00127355 3 1 0
0.00399174 0.447065 0.00126893 3 1 0
0.00399004 0.447433 0.00126436 3 1 0
0.00398836 0.4478 0.00125982 3 1 0
0.00398667 0.448165 0.00125532 3 1 0
0.003985 0.448522 0.00125085 3 1 0
0.00398333 0.44888 0.00124642 3 1 0
0.00398167 0.44924 0.00124203 3 1 0
0.00398002 0.449595 0.00123768 3 1 0
0.00397837 0.449952 0.00123336 3 1 0
0.00397673 0.450308 0.00122908 3 1 0
0.0039751 0.450658 0.00122484 3 1 0
0.00397347 0.45101 0.00122064 3 1 0
0.00397185 0.45136 0.00121647 3 1 0
0.00397024 0.451711 0.00121234 3 1 0
0.00396864 0.452056 0.00120825 3 1 0
0.00396704 0.452398 0.0012042 3 1 0
0.00396545 0.452734 0.00120017 3 1 0
0.00396387 0.453074 0.0011962 3 1 0
0.0039623 0.453411 0.00119226 3 1 0
0.00396074 0.453736 0.00118835 3 1 0
0.00395918 0.454066 0.00118449 3 1 0
0.00395764 0.454398 0.00118067 3 1 0
0.0039561 0.454729 0.00117689 3 1 0
0.00395457 0.455056 0.00117315 3 1 0
0.00395306 0.45538 0.00116946 3 1 0
0.00395155 0.455703 0.00116578 3 1 0
0.00395005 0.456021 0.00116217 3 1 0
0.00394856 0.456337 0.00115859 3 1 0
0.00394708 0.456645 0.00115503 3 1 0
0.00394561 0.456956 0.00115153 3 1 0
0.00394415 0.457265 0.00114808 3 1 0
0.00394271 0.457566 0.00114468 3 1 0
0.00394127 0.457869 0.00114131 3 1 0
0.00393984 0.45817 0.00113799 3 1 0
0.00393843 0.458465 0.00113473 3 1 0
0.00393703 0.458759 0.0011315 3 1 0
0.00393564 0.45905 0.00112832 3 1 0
0.00393426 0.459329 0.00112518 3 1 0
0.00393289 0.459615 0.00112209 3 1 0
0.00393154 0.459897 0.00111904 3 1 0
0.0039302 0.460175 0.00111603 3 1 0
0.00392887 0.46045 0.00111308 3 1 0
0.00392755 0.460722 0.00111017 3 1 0
0.00392625 0.460986 0.0011073 3 1 0
0.00392497 0.461251 0.00110449 3 1 0
0.0039237 0.461511 0.00110173 3 1 0
0.00392244 0.46176 0.001099 3 1 0
0.0039212 0.462013 0.00109633 3 1 0
0.00391997 0.462262 0.00109372 3 1 0
0.00391876 0.4625 0.00109115 3 1 0
0.00391756 0.462741 0.00108864 3 1 0
0.00391638 0.462978 0.00108618 3 1 0
0.00391522 0.46321 0.00108376 3 1 0
0.00391408 0.463438 0.00108141 3 1 0
0.00391295 0.46366 0.00107911 3 1 0
0.00391184 0.463872 0.00107684 3 1 0
0.00391075 0.464083 0.00107466 3 1 0
0.00390967 0.46429 0.00107253 3 1 0
0.00390862 0.464493 0.00107044 3 1 0
0.00390758 0.46469 0.00106842 3 1 0
0.00390657 0.464883 0.00106646 3 1 0
0.00390557 0.465071 0.00106455 3 1 0
0.0039046 0.465251 0.00106271 3 1 0
0.00390364 0.465426 0.00106093 3 1 0
0.00390271 0.465602 0.00105918 3 1 0
0.0039018 0.465766 0.00105754 3 1 0
0.00390091 0.465924 0.00105595 3 1 0
0.00390005 0.466081 0.00105438 3 1 0
0.0038992 0.466227 0.00105292 3 1 0
0.00389838 0.466367 0.00105153 3 1 0
0.00389759 0.466501 0.00105015 3 1 0
0.00389682 0.466629 0.0010489 3 1 0
0.00389607 0.46675 0.00104771 3 1 0
0.00389535 0.466871 0.00104657 3 1 0
0.00389466 0.466979 0.00104552 3 1 0
0.00389399 0.46708 0.00104454 3 1 0
0.00389335 0.467171 0.00104361 3 1 0
0.00389274 0.467258 0.00104278 3 1 0
0.00389215 0.467338 0.00104202 3 1 0
0.00389159 0.467419 0.0010413 3 1 0
0.00389106 0.467485 0.00104069 3 1 0
0.00389056 0.467544 0.00104016 3 1 0
0.00389009 0.467594 0.00103969 3 1 0
0.00388965 0.467638 0.00103932 3 1 0
0.00388923 0.467674 0.00103902 3 1 0
0.00388885 0.467705 0.0010388 3 1 0
0.0038885 0.467726 0.00103867 3 1 0
0.00388818 0.467739 0.00103861 3 1 0
0.00388789 0.467742 0.00103861 3 1 0
0.00388763 0.467739 0.00103872 3 1 0
0.0038874 0.467728 0.00103891 3 1 0
0.00388721 0.467713 0.00103917 3 1 0
0.00388705 0.467686 0.00103952 3 1 0
0.00388692 0.467651 0.00103996 3 1 0
0.00388682 0.467608 0.00104049 3 1 0
0.00388676 0.467557 0.00104109 3 1 0
0.00388672 0.467497 0.00104178 3 1 0
0.00388672 0.467423 0.00104254 3 1 0
0.00388676 0.467347 0.0010434 3 1 0
0.00388682 0.467263 0.00104435 3 1 0
0.00388692 0.467175 0.00104536 3 1 0
0.00388706 0.467075 0.00104647 3 1 0
0.00388722 0.466967 0.00104767 3 1 0
0.00388742 0.466851 0.00104896 3 1 0
0.00388765 0.466727 0.00105032 3 1 0
0.00388791 0.466595 0.00105177 3 1 0
0.00388821 0.466451 0.0010533 3 1 0
0.00388853 0.466304 0.00105491 3 1 0
0.00388889 0.466149 0.00105661 3 1 0
0.00388928 0.465981 0.00105837 3 1 0
0.00388971 0.465811 0.00106023 3 1 0
0.00389016 0.465633 0.00106217 3 1 0
0.00389064 0.465452 0.00106421 3 1 0
0.00389116 0.46526 0.00106631 3 1 0
0.0038917 0.465061 0.00106849 3 1 0
0.00389228 0.464852 0.00107077 3 1 0
0.00389288 0.464638 0.00107311 3 1 0
0.00389352 0.464418 0.00107552 3 1 0
0.00389418 0.464189 0.001078 3 1 0
0.00389487 0.463955 0.00108057 3 1 0
0.00389559 0.463716 0.00108321 3 1 0
0.00389633 0.463469 0.00108593 3 1 0
0.0038971 0.463216 0.00108872 3 1 0
0.0038979 0.462958 0.00109158 3 1 0
0.00389873 0.462695 0.00109454 3 1 0
0.00389958 0.462425 0.00109754 3 1 0
0.00390045 0.462149 0.00110061 3 1 0
0.00390135 0.461864 0.00110377 3 1 0
0.00390228 0.461577 0.00110698 3 1 0
0.00390322 0.461285 0.00111025 3 1 0
0.0039042 0.460985 0.00111357 3 1 0
0.00390519 0.460683 0.00111697 3 1 0
0.00390621 0.460375 0.00112045 3 1 0
0.00390725 0.460063 0.00112403 3 1 0
0.00390831 0.459746 0.00112763 3 1 0
0.00390939 0.459425 0.00113129 3 1 0
0.00391049 0.459099 0.00113509 3 1 0
0.00391048 0.459099 0.00113509 3 1 0
0.0039116 0.458768 0.00113887 3 1 0
0.00391275 0.458433 0.00114277 3 1 0
0.00391391 0.458094 0.00114667 3 1 0
0.00391509 0.45775 0.00115063 3 1 0
0.00391629 0.457403 0.00115466 3 1 0
0.00391751 0.457052 0.00115874 3 1 0
0.00391874 0.456697 0.00116288 3 1 0
0.00391999 0.456339 0.00116707 3 1 0
0.00392126 0.455978 0.00117132 3 1 0
0.00392254 0.455613 0.00117562 3 1 0
0.00392385 0.455244 0.00117998 3 1 0
0.00392516 0.454873 0.00118438 3 1 0
0.00392649 0.454498 0.00118884 3 1 0
0.00392784 0.454121 0.00119333 3 1 0
0.0039292 0.45374 0.0011979 3 1 0
0.00393058 0.453357 0.00120252 3 1 0
0.00393197 0.452971 0.00120714 3 1 0
0.00393338 0.452582 0.00121186 3 1 0
0.00393479 0.45219 0.00121663 3 1 0
0.00393623 0.451796 0.0012214 3 1 0
0.00393767 0.4514 0.00122627 3 1 0
0.00393913 0.451001 0.00123119 3 1 0
0.0039406 0.4506 0.00123612 3 1 0
0.00394208 0.450197 0.00124113 3 1 0
0.00394357 0.449792 0.00124619 3 1 0
0.00394507 0.449384 0.00125127 3 1 0
0.00394659 0.448974 0.00125642 3 1 0
0.00394812 0.448563 0.00126162 3 1 0
0.00394965 0.448149 0.00126685 3 1 0
0.0039512 0.447734 0.00127213 3 1 0
0.00395276 0.447317 0.00127747 3 1 0
0.00395433 0.446898 0.00128283 3 1 0
0.00395591 0.446476 0.00128826 3 1 0
0.0039575 0.446054 0.00129372 3 1 0
0.00395909 0.44563 0.00129922 3 1 0
0.0039607 0.445204 0.00130477 3 1 0
0.00396232 0.444776 0.00131037 3 1 0
0.00396394 0.444349 0.001316 3 1 0
0.00396558 0.443918 0.00132168 3 1 0
0.00396722 0.443486 0.00132741 3 1 0
0.00396887 0.443056 0.00133317 3 1 0
0.00397053 0.442622 0.00133898 3 1 0
0.00397219 0.442186 0.00134484 3 1 0
0.00397387 0.441752 0.00135073 3 1 0
0.00397555 0.441314 0.00135666 3 1 0
0.00397724 0.440875 0.00136264 3 1 0
0.00397894 0.440437 0.00136865 3 1 0
0.00398064 0.439996 0.00137472 3 1 0
0.00398235 0.439554 0.00138082 3 1 0
0.00398407 0.439112 0.00138696 3 1 0
0.0039858 0.438669 0.00139314 3 1 0
0.00398753 0.438224 0.00139937 3 1 0
0.00398927 0.437779 0.00140563 3 1 0
0.00399101 0.437332 0.00141193 3 1 0
0.00399276 0.436884 0.00141828 3 1 0
0.00399452 0.436438 0.00142468 3 1 0
0.00399629 0.43599 0.00143111 3 1 0
0.00399806 0.43554 0.00143758 3 1 0
0.00399983 0.435089 0.00144409 3 1 0
0.00400161 0.434639 0.00145064 3 1 0
0.0040034 0.434188 0.00145723 3 1 0
0.00400519 0.433733 0.00146386 3 1 0
0.00400699 0.433281 0.00147053 3 1 0
0.00400879 0.432829 0.00147724 3 1 0
0.0040106 0.432373 0.00148395 3 1 0
0.00401241 0.43192 0.00149072 3 1 0
0.00401423 0.431466 0.00149753 3 1 0
0.00401606 0.431004 0.00150437 3 1 0
0.00401788 0.43055 0.00151126 3 1 0
0.00401972 0.430095 0.00151819 3 1 0
0.00402155 0.429632 0.00152516 3 1 0
0.0040234 0.429176 0.00153217 3 1 0
0.00402524 0.428721 0.00153921 3 1 0
0.0040271 0.428259 0.00154629 3 1 0
0.00402895 0.427798 0.00155342 3 1 0
0.00403081 0.427339 0.00156058 3 1 0
0.00403268 0.426884 0.00156777 3 1 0
0.00403454 0.426423 0.00157502 3 1 0
0.00403642 0.42596 0.0015823 3 1 0
0.00403829 0.425503 0.00158961 3 1 0
0.00404018 0.42504 0.00159698 3 1 0
0.00404206 0.424578 0.00160438 3 1 0
0.00404395 0.424124 0.00161182 3 1 0
0.00404584 0.423661 0.00161931 3 1 0
0.00404774 0.423198 0.00162683 3 1 0
0.00404964 0.422739 0.0016344 3 1 0
0.00405154 0.422276 0.00164201 3 1 0
0.00405345 0.421811 0.00164965 3 1 0
0.00405536 0.421351 0.00165733 3 1 0
0.00405727 0.420886 0.00166505 3 1 0
0.00405919 0.420422 0.00167282 3 1 0
0.00406111 0.419962 0.00168062 3 1 0
0.00406303 0.419497 0.00168846 3 1 0
0.00406496 0.419032 0.00169634 3 1 0
0.00406689 0.418573 0.00170427 3 1 0
0.00406882 0.418107 0.00171223 3 1 0
0.00407076 0.417642 0.00172023 3 1 0
0.0040727 0.417183 0.00172827 3 1 0
0.00407464 0.416718 0.00173635 3 1 0
0.00407659 0.416252 0.00174447 3 1 0
0.00407853 0.415789 0.00175263 3 1 0
0.00408049 0.415323 0.00176083 3 1 0
0.00408244 0.414857 0.00176907 3 1 0
0.0040844 0.414393 0.00177735 3 1 0
0.00408636 0.413926 0.00178567 3 1 0
0.00408832 0.413461 0.00179403 3 1 0
0.00409028 0.412998 0.00180244 3 1 0
0.00409225 0.412533 0.00181088 3 1 0
0.00409422 0.412071 0.00181936 3 1 0
0.00409619 0.411609 0.00182788 3 1 0
0.00409817 0.411143 0.00183644 3 1 0
0.00410015 0.410677 0.00184505 3 1 0
0.00410213 0.410218 0.00185369 3 1 0
0.00410411 0.409753 0.00186238 3 1 0
0.00410609 0.409287 0.00187111 3 1 0
0.00410808 0.408825 0.00187988 3 1 0
0.00411007 0.408359 0.00188869 3 1 0
0.00411206 0.407893 0.00189754 3 1 0
0.00411406 0.407436 0.00190643 3 1 0
0.00411605 0.406972 0.00191537 3 1 0
0.00411805 0.406507 0.00192435 3 1 0
0.00412005 0.406042 0.00193338 3 1 0
0.00412205 0.405577 0.00194244 3 1 0
0.00412406 0.405112 0.00195154 3 1 0
0.00412607 0.404648 0.0019607 3 1 0
0.00412807 0.404183 0.00196989 3 1 0
0.00413009 0.403717 0.00197912 3 1 0
0.0041321 0.40326 0.00198842 3 1 0
0.00413411 0.402795 0.00199774 3 1 0
0.00413613 0.40233 0.0020071 3 1 0
0.00413815 0.401872 0.00201655 3 1 0
0.00414017 0.401409 0.002026 3 1 0
0.00414219 0.400944 0.00203549 3 1 0
0.00414422 0.400484 0.00204495 3 1 0
0.00414624 0.400021 0.0020545 3 1 0
0.00414827 0.399557 0.00206409 3 1 0
0.0041503 0.399099 0.00207365 3 1 0
0.00415233 0.398636 0.00208333 3 1 0
0.00415436 0.398174 0.00209306 3 1 0
0.0041564 0.397713 0.00210281 3 1 0
0.00415843 0.397251 0.00211262 3 1 0
0.00416047 0.396788 0.00212248 3 1 0
0.00416251 0.396328 0.00213242 3 1 0
0.00416455 0.395866 0.00214237 3 1 0
0.0041666 0.395404 0.00215235 3 1 0
0.00416864 0.394946 0.00216241 3 1 0
0.00417069 0.394485 0.00217248 3 1 0
0.00417273 0.394023 0.0021826 3 1 0
0.00417478 0.393565 0.00219278 3 1 0
0.00417683 0.393104 0.00220298 3 1 0
0.00417889 0.392643 0.00221323 3 1 0
0.00418094 0.392187 0.00222354 3 1 0
0.00418299 0.391727 0.00223388 3 1 0
0.00418505 0.391266 0.00224426 3 1 0
0.00418711 0.390811 0.0022547 3 1 0
0.00418917 0.390351 0.00226517 3 1 0
0.00419123 0.389892 0.00227569 3 1 0
0.00419329 0.389436 0.00228626 3 1 0
0.00419535 0.388978 0.00229687 3 1 0
0.00419742 0.388519 0.00230752 3 1 0
0.00419948 0.388062 0.00231822 3 1 0
0.00420155 0.387604 0.00232897 3 1 0
0.00420362 0.387146 0.00233976 3 1 0
0.00420568 0.386691 0.0023506 3 1 0
0.00420776 0.386233 0.00236149 3 1 0
0.00420983 0.385775 0.00237242 3 1 0
0.0042119 0.385315 0.0023834 3 1 0
0.00421397 0.384859 0.00239442 3 1 0
0.00421605 0.384406 0.0024055 3 1 0
0.00421813 0.383948 0.00241662 3 1 0
0.0042202 0.383494 0.00242779 3 1 0
0.00422228 0.383041 0.00243901 3 1 0
0.00422436 0.382586 0.00245028 3 1 0
0.00422644 0.382129 0.0024616 3 1 0
0.00422852 0.381677 0.00247295 3 1 0
0.00423061 0.381227 0.0024844 3 1 0
0.00423269 0.380772 0.00249585 3 1 0
0.00423477 0.380317 0.00250736 3 1 0
0.00423686 0.379869 0.00251896 3 1 0
0.00423895 0.379415 0.00253057 3 1 0
0.00424104 0.378961 0.00254222 3 1 0
0.00424312 0.378512 0.00255392 3 1 0
0.00424521 0.378059 0.00256563 3 1 0
0.0042473 0.377606 0.00257739 3 1 0
0.0042494 0.377159 0.00258909 3 1 0
0.00425149 0.376707 0.00260096 3 1 0
0.00425358 0.376255 0.00261287 3 1 0
0.00425568 0.375807 0.00262478 3 1 0
0.00425777 0.375356 0.00263679 3 1 0
0.00425987 0.374906 0.00264886 3 1 0
0.00426197 0.374457 0.00266102 3 1 0
0.00426406 0.374007 0.00267318 3 1 0
0.00426616 0.373556 0.00268538 3 1 0
0.00426826 0.373104 0.00269765 3 1 0
0.00427036 0.372653 0.00270996 3 1 0
0.00427246 0.372207 0.00272232 3 1 0
0.00427456 0.371764 0.00273472 3 1 0
0.00427667 0.371315 0.00274718 3 1 0
0.00427877 0.370867 0.00275968 3 1 0
0.00428087 0.370424 0.00277224 3 1 0
0.00428298 0.369976 0.00278485 3 1 0
0.00428509 0.369529 0.00279751 3 1 0
0.00428719 0.369085 0.00281023 3 1 0
0.0042893 0.368638 0.00282299 3 1 0
0.00429141 0.368192 0.0028358 3 1 0
0.00429351 0.367749 0.00284866 3 1 0
0.00429562 0.367303 0.00286158 3 1 0
0.00429773 0.366858 0.00287454 3 1 0
0.00429984 0.366416 0.00288756 3 1 0
0.00430195 0.365972 0.00290063 3 1 0
0.00430407 0.365528 0.00291375 3 1 0
0.00430618 0.365085 0.00292692 3 1 0
0.00430829 0.364641 0.00294015 3 1 0
0.00431041 0.364197 0.00295343 3 1 0
0.00431252 0.363757 0.00296678 3 1 0
0.00431463 0.363315 0.00298016 3 1 0
0.00431675 0.362872 0.0029936 3 1 0
0.00431887 0.362432 0.00300714 3 1 0
0.00432098 0.361991 0.00302069 3 1 0
0.0043231 0.36155 0.00303429 3 1 0
0.00432522 0.36111 0.00304798 3 1 0
0.00432733 0.36067 0.0030617 3 1 0
0.00432945 0.36023 0.00307546 3 1 0
0.00433157 0.35979 0.00308932 3 1 0
0.00433369 0.359352 0.00310315 3 1 0
0.00433581 0.358913 0.00311704 3 1 0
0.00433793 0.358473 0.00313104 3 1 0
0.00434005 0.358036 0.00314503 3 1 0
0.00434217 0.357599 0.00315908 3 1 0
0.0043443 0.357155 0.00317315 3 1 0
0.00434642 0.35672 0.00318731 3 1 0
0.00434854 0.356285 0.00320152 3 1 0
0.00435066 0.355846 0.00321565 3 1 0
0.00435279 0.355408 0.00322999 3 1 0
0.00435491 0.354972 0.00324438 3 1 0
0.00435704 0.35454 0.00325898 3 1 0
0.00435916 0.354106 0.00327347 3 1 0
0.00436129 0.353673 0.00328801 3 1 0
0.00436341 0.353239 0.00330267 3 1 0
0.00436554 0.352805 0.00331732 3 1 0
0.00436766 0.352372 0.00333203 3 1 0
0.00436979 0.351938 0.00334685 3 1 0
0.00437192 0.351504 0.00336166 3 1 0
0.00437405 0.351071 0.00337654 3 1 0
0.00437617 0.350636 0.0033915 3 1 0
0.0043783 0.350203 0.00340649 3 1 0
0.00438043 0.349769 0.00342153 3 1 0
0.00438256 0.34934 0.00343663 3 1 0
0.00438469 0.348908 0.00345178 3 1 0
0.00438682 0.348475 0.003467 3 1 0
0.00438895 0.348048 0.00348224 3 1 0
0.00439108 0.347617 0.00349757 3 1 0
0.00439321 0.347185 0.00351296 3 1 0
0.00439534 0.346759 0.00352843 3 1 0
0.00439747 0.346328 0.00354393 3 1 0
0.0043996 0.345898 0.00355949 3 1 0
0.00440173 0.345472 0.00357514 3 1 0
0.00440386 0.345042 0.00359081 3 1 0
0.00440599 0.344616 0.00360655 3 1 0
0.00440812 0.344187 0.00362235 3 1 0
0.00441025 0.343762 0.00363821 3 1 0
0.00441239 0.343337 0.00365412 3 1 0
0.00441452 0.34291 0.00367009 3 1 0
0.00441665 0.342486 0.00368612 3 1 0
0.00441878 0.342062 0.00370221 3 1 0
0.00442092 0.341637 0.00371835 3 1 0
0.00442305 0.341213 0.00373456 3 1 0
0.00442518 0.340789 0.00375083 3 1 0
0.00442732 0.340364 0.00376717 3 1 0
0.00442945 0.339942 0.00378356 3 1 0
0.00443158 0.339519 0.00380001 3 1 0
0.00443372 0.339094 0.00381652 3 1 0
0.00443585 0.338672 0.0038331 3 1 0
0.00443799 0.33825 0.00384973 3 1 0
0.00444012 0.337822 0.0038665 3 1 0
0.00444225 0.337402 0.00388326 3 1 0
0.00444439 0.336982 0.00390009 3 1 0
0.00444652 0.336562 0.00391686 3 1 0
0.00444866 0.33614 0.00393378 3 1 0
0.00445079 0.335718 0.00395076 3 1 0
0.00445293 0.335302 0.00396796 3 1 0
0.00445506 0.334882 0.00398509 3 1 0
0.00445719 0.334461 0.00400228 3 1 0
0.00445933 0.33404 0.00401947 3 1 0
0.00446146 0.333623 0.00403679 3 1 0
0.0044636 0.333207 0.00405417 3 1 0
0.00446573 0.332785 0.00407151 3 1 0
0.00446787 0.33237 0.00408901 3 1 0
0.00447 0.331954 0.00410657 3 1 0
0.00447214 0.331535 0.00412414 3 1 0
0.00447427 0.331119 0.00414182 3 1 0
0.00447641 0.330705 0.00415957 3 1 0
0.00447854 0.330288 0.00417735 3 1 0
0.00448068 0.329872 0.00419523 3 1 0
0.00448281 0.329459 0.00421317 3 1 0
0.00448495 0.329044 0.00423126 3 1 0
0.00448708 0.328628 0.00424932 3 1 0
0.00448922 0.328216 0.0042674 3 1 0
0.00449135 0.327802 0.00428546 3 1 0
0.00449349 0.327391 0.00430372 3 1 0
0.00449562 0.32698 0.00432204 3 1 0
0.00449775 0.326566 0.00434037 3 1 0
0.00449989 0.326155 0.00435882 3 1 0
0.00450202 0.325745 0.00437733 3 1 0
0.00450416 0.325331 0.00439589 3 1 0
0.00450629 0.324921 0.00441454 3 1 0
0.00450843 0.324512 0.00443325 3 1 0
0.00451056 0.324098 0.00445197 3 1 0
0.00451269 0.32369 0.00447076 3 1 0
0.00451483 0.323282 0.00448961 3 1 0
0.00451696 0.322871 0.0045084 3 1 0
0.00451909 0.32246 0.0045274 3 1 0
0.00452123 0.322054 0.00454646 3 1 0
0.00452336 0.321648 0.00456557 3 1 0
0.00452549 0.321239 0.00458477 3 1 0
0.00452763 0.32083 0.00460403 3 1 0
0.00452976 0.320427 0.00462335 3 1 0
0.00453189 0.320019 0.00464276 3 1 0
0.00453402 0.319611 0.00466224 3 1 0
0.00453616 0.319206 0.00468174 3 1 0
0.00453829 0.318802 0.00470134 3 1 0
0.00454042 0.318398 0.00472101 3 1 0
0.00454255 0.317993 0.00474075 3 1 0
0.00454468 0.31759 0.00476055 3 1 0
0.00454681 0.317187 0.00478042 3 1 0
0.00454894 0.316782 0.00480046 3 1 0
0.00455108 0.31638 0.00482045 3 1 0
0.00455321 0.315978 0.00484051 3 1 0
0.00455534 0.315573 0.00486077 3 1 0
0.00455747 0.315172 0.00488095 3 1 0
0.0045596 0.314771 0.0049012 3 1 0
0.00456173 0.314368 0.00492158 3 1 0
0.00456386 0.313968 0.00494197 3 1 0
0.00456598 0.313569 0.00496243 3 1 0
0.00456811 0.313167 0.00498305 3 1 0
0.00457024 0.312768 0.00500364 3 1 0
0.00457237 0.312369 0.0050243 3 1 0
0.0045745 0.31197 0.00504502 3 1 0
0.00457663 0.311572 0.00506586 3 1 0
0.00457875 0.311174 0.00508678 3 1 0
0.00458088 0.310773 0.00510759 3 1 0
0.00458301 0.310374 0.00512864 3 1 0
0.00458513 0.309976 0.00514975 3 1 0
0.00458726 0.309583 0.00517086 3 1 0
0.00458939 0.309185 0.00519211 3 1 0
0.00459151 0.308788 0.00521342 3 1 0
0.00459364 0.308394 0.00523479 3 1 0
0.00459576 0.307997 0.00525624 3 1 0
0.00459789 0.307601 0.00527777 3 1 0
0.00460001 0.307204 0.00529931 3 1 0
0.00460214 0.306811 0.00532097 3 1 0
0.00460426 0.306419 0.0053427 3 1 0
0.00460638 0.306024 0.00536458 3 1 0
0.00460851 0.305632 0.00538644 3 1 0
0.00461063 0.30524 0.00540837 3 1 0
0.00461275 0.304845 0.00543057 3 1 0
0.00461487 0.304454 0.00545263 3 1 0
0.00461699 0.304064 0.00547476 3 1 0
0.00461911 0.303673 0.00549708 3 1 0
0.00462123 0.303283 0.00551941 3 1 0
0.00462335 0.302893 0.00554182 3 1 0
0.00462547 0.302502 0.00556406 3 1 0
0.00462759 0.302112 0.0055866 3 1 0
0.00462971 0.301723 0.00560921 3 1 0
0.00463183 0.301334 0.00563173 3 1 0
0.00463395 0.300946 0.00565448 3 1 0
0.00463607 0.300557 0.0056773 3 1 0
0.00463818 0.300169 0.00570009 3 1 0
0.0046403 0.299781 0.00572305 3 1 0
0.00464242 0.299394 0.00574608 3 1 0
0.00464453 0.299005 0.00576914 3 1 0
0.00464665 0.298617 0.00579231 3 1 0
0.00464876 0.29823 0.00581555 3 1 0
0.00465088 0.297843 0.00583887 3 1 0
0.00465299 0.297459 0.00586226 3 1 0
0.00465511 0.297075 0.00588572 3 1 0
0.00465722 0.29669 0.0059093 3 1 0
0.00465933 0.296307 0.0059329 3 1 0
0.00466144 0.295924 0.00595657 3 1 0
0.00466356 0.295539 0.0059804 3 1 0
0.00466567 0.295157 0.00600422 3 1 0
0.00466778 0.294776 0.00602811 3 1 0
0.00466989 0.294394 0.0060522 3 1 0
0.004672 0.294012 0.00607623 3 1 0
0.00467411 0.293631 0.00610034 3 1 0
0.00467621 0.29325 0.00612469 3 1 0
0.00467832 0.292869 0.00614894 3 1 0
0.00468043 0.292488 0.00617327 3 1 0
0.00468254 0.292108 0.00619783 3 1 0
0.00468464 0.291729 0.0062223 3 1 0
0.00468675 0.29135 0.00624685 3 1 0
0.00468885 0.29097 0.00627148 3 1 0
0.00469096 0.290592 0.00629625 3 1 0
0.00469306 0.290214 0.00632109 3 1 0
0.00469517 0.289836 0.00634584 3 1 0
0.00469727 0.289459 0.00637082 3 1 0
0.00469937 0.289082 0.00639588 3 1 0
0.00470147 0.288705 0.00642089 3 1 0
0.00470358 0.288329 0.0064461 3 1 0
0.00470568 0.287953 0.00647139 3 1 0
0.00470778 0.287578 0.00649663 3 1 0
0.00470988 0.287203 0.00652206 3 1 0
0.00471197 0.286828 0.00654758 3 1 0
0.00471407 0.286454 0.00657306 3 1 0
0.00471617 0.286079 0.00659871 3 1 0
0.00471827 0.285706 0.00662445 3 1 0
0.00472036 0.285333 0.00665017 3 1 0
0.00472246 0.28496 0.00667606 3 1 0
0.00472455 0.284587 0.00670202 3 1 0
0.00472665 0.284215 0.00672802 3 1 0
0.00472874 0.283842 0.00675414 3 1 0
0.00473084 0.28347 0.00678033 3 1 0
0.00473293 0.283102 0.00680656 3 1 0
0.00473502 0.28273 0.0068329 3 1 0
0.00473711 0.28236 0.00685932 3 1 0
0.0047392 0.281991 0.00688579 3 1 0
0.00474129 0.281621 0.00691237 3 1 0
0.00474338 0.281251 0.00693902 3 1 0
0.00474547 0.280884 0.00696573 3 1 0
0.00474756 0.280515 0.00699253 3 1 0
0.00474964 0.280146 0.00701941 3 1 0
0.00475173 0.279781 0.00704637 3 1 0
0.00475381 0.279414 0.0070734 3 1 0
0.0047559 0.279046 0.00710052 3 1 0
0.00475798 0.278681 0.00712771 3 1 0
0.00476007 0.278315 0.00715497 3 1 0
0.00476215 0.277949 0.00718232 3 1 0
0.00476423 0.277585 0.00720975 3 1 0
0.00476631 0.277219 0.00723725 3 1 0
0.00476839 0.276854 0.00726483 3 1 0
0.00477047 0.27649 0.00729251 3 1 0
0.00477255 0.276125 0.00732024 3 1 0
0.00477463 0.275763 0.00734805 3 1 0
0.00477671 0.275403 0.00737598 3 1 0
0.00477878 0.275042 0.00740394 3 1 0
0.00478086 0.274681 0.00743198 3 1 0
0.00478294 0.274317 0.00746013 3 1 0
0.00478501 0.273957 0.00748833 3 1 0
0.00478708 0.273597 0.0075166 3 1 0
0.00478916 0.273237 0.00754501 3 1 0
0.00479123 0.272878 0.00757344 3 1 0
0.0047933 0.272519 0.00760194 3 1 0
0.00479537 0.272156 0.00763057 3 1 0
0.00479744 0.271799 0.00765923 3 1 0
0.00479951 0.271442 0.00768797 3 1 0
0.00480157 0.271082 0.00771685 3 1 0
0.00480364 0.270726 0.00774575 3 1 0
0.00480571 0.27037 0.00777472 3 1 0
0.00480777 0.270012 0.00780383 3 1 0
0.00480984 0.269658 0.00783296 3 1 0
0.0048119 0.269303 0.00786216 3 1 0
0.00481396 0.268947 0.00789152 3 1 0
0.00481603 0.268593 0.00792088 3 1 0
0.00481809 0.26824 0.00795031 3 1 0
0.00482015 0.267883 0.00797991 3 1 0
0.00482221 0.267531 0.00800949 3 1 0
0.00482426 0.267179 0.00803916 3 1 0
0.00482632 0.266824 0.00806898 3 1 0
0.00482838 0.266473 0.0080988 3 1 0
0.00483043 0.266123 0.00812869 3 1 0
0.00483249 0.265768 0.00815875 3 1 0
0.00483454 0.265419 0.00818879 3 1 0
0.0048366 0.26507 0.00821891 3 1 0
0.00483865 0.264718 0.00824921 3 1 0
0.0048407 0.26437 0.00827948 3 1 0
0.00484275 0.264022 0.00830983 3 1 0
0.0048448 0.263675 0.00834039 3 1 0
0.00484685 0.263327 0.00837089 3 1 0
0.00484889 0.26298 0.00840146 3 1 0
0.00485094 0.262631 0.00843222 3 1 0
0.00485298 0.262285 0.00846294 3 1 0
0.00485503 0.26194 0.00849374 3 1 0
0.00485707 0.261589 0.00852471 3 1 0
0.00485911 0.261245 0.00855565 3 1 0
0.00486115 0.260901 0.00858666 3 1 0
0.00486319 0.260556 0.00861786 3 1 0
0.00486523 0.260211 0.00864901 3 1 0
0.00486727 0.259868 0.00868025 3 1 0
0.00486931 0.259528 0.00871167 3 1 0
0.00487134 0.259185 0.00874304 3 1 0
0.00487338 0.258842 0.00877449 3 1 0
0.00487541 0.258503 0.00880614 3 1 0
0.00487744 0.258161 0.00883772 3 1 0
0.00487948 0.25782 0.00886938 3 1 0
0.00488151 0.25748 0.00890125 3 1 0
0.00488353 0.25714 0.00893304 3 1 0
0.00488556 0.256801 0.0089649 3 1 0
0.00488759 0.256465 0.00899692 3 1 0
0.00488962 0.256126 0.00902896 3 1 0
0.00489164 0.255788 0.00906102 3 1 0
0.00489366 0.255456 0.00909317 3 1 0
0.00489568 0.25512 0.00912543 3 1 0
0.0048977 0.254784 0.00915774 3 1 0
0.00489972 0.254448 0.00919007 3 1 0
0.00490174 0.254113 0.0092225 3 1 0
0.00490376 0.253779 0.00925494 3 1 0
0.00490577 0.253445 0.00928749 3 1 0
0.00490779 0.253111 0.00932012 3 1 0
0.0049098 0.252781 0.00935273 3 1 0
0.00491181 0.25245 0.00938543 3 1 0
0.00491382 0.252119 0.00941823 3 1 0
0.00491583 0.251788 0.00945103 3 1 0
0.00491784 0.251463 0.0094839 3 1 0
0.00491984 0.251134 0.00951683 3 1 0
0.00492185 0.250805 0.00954975 3 1 0
0.00492385 0.250479 0.00958282 3 1 0
0.00492585 0.250152 0.00961585 3 1 0
0.00492785 0.249826 0.00964892 3 1 0
0.00492985 0.249501 0.00968213 3 1 0
0.00493184 0.249176 0.00971528 3 1 0
0.00493383 0.248852 0.00974846 3 1 0
0.00493583 0.248532 0.00978178 3 1 0
0.00493782 0.248209 0.00981503 3 1 0
0.0049398 0.247887 0.0098483 3 1 0
0.00494179 0.247569 0.00988171 3 1 0
0.00494377 0.24725 0.00991503 3 1 0
0.00494575 0.246931 0.00994838 3 1 0
0.00494773 0.246615 0.00998184 3 1 0
0.00494971 0.246298 0.0100152 3 1 0
0.00495168 0.245982 0.0100486 3 1 0
0.00495366 0.245669 0.0100821 3 1 0
0.00495562 0.245355 0.0101155 4 1 0
0.00495759 0.245042 0.0101488 4 1 0
0.00495955 0.244733 0.0101823 4 1 0
0.00496151 0.244422 0.0102156 4 1 0
0.00496347 0.244113 0.0102489 4 1 0
0.00496542 0.243808 0.0102823 4 1 0
0.00496737 0.243502 0.0103155 4 1 0
0.00496932 0.243198 0.0103487 4 1 0
0.00497126 0.242897 0.0103819 4 1 0
0.0049732 0.242596 0.0104149 4 1 0
0.00497513 0.242296 0.0104479 4 1 0
0.00497705 0.242 0.0104808 4 1 0
0.00497897 0.241704 0.0105135 4 1 0
0.00498089 0.24141 0.0105461 4 1 0
0.0049828 0.241118 0.0105787 4 1 0
0.0049847 0.240831 0.010611 4 1 0
0.00498659 0.240546 0.0106431 4 1 0
0.00498847 0.240265 0.010675 4 1 0
0.00499035 0.239986 0.0107066 4 1 0
0.00499221 0.23971 0.0107379 4 1 0
0.00499406 0.239437 0.010769 4 1 0
0.0049959 0.239168 0.0107996 4 1 0
0.00499772 0.238904 0.0108299 4 1 0
0.00499953 0.238642 0.0108597 4 1 0
0.00500131 0.238389 0.0108889 4 1 0
0.00500308 0.238141 0.0109176 4 1 0
0.00500482 0.237897 0.0109455 4 1 0
0.00500653 0.237663 0.0109727 4 1 0
0.0050082 0.237438 0.0109989 4 1 0
0.00500984 0.237219 0.0110241 4 1 0
0.00501143 0.237014 0.0110481 4 1 0
0.00501297 0.236822 0.0110707 4 1 0
0.00501445 0.236641 0.0110916 4 1 0
0.00501585 0.236477 0.0111107 4 1 0
0.00501717 0.236333 0.0111276 4 1 0
0.00501843 0.236211 0.0111421 4 1 0
0.00501953 0.236109 0.0111539 4 1 0
0.00502051 0.236033 0.0111626 4 1 0
0.00502134 0.235986 0.0111681 4 1 0
0.00502201 0.235966 0.0111703 4 1 0
0.00502254 0.235975 0.0111689 4 1 0
0.00502291 0.236014 0.0111641 4 1 0
0.00502312 0.236081 0.011156 4 1 0
0.00502317 0.236173 0.0111448 4 1 0
0.00502307 0.23629 0.0111307 4 1 0
0.00502284 0.236428 0.0111142 4 1 0
0.00502248 0.236585 0.0110954 4 1 0
0.00502201 0.236759 0.0110747 4 1 0
0.00502143 0.236948 0.0110523 4 1 0
0.00502078 0.237149 0.0110284 4 1 0
0.00502004 0.237362 0.0110032 4 1 0
0.00501923 0.237584 0.010977 4 1 0
0.00501836 0.237816 0.0109499 4 1 0
0.00501744 0.238057 0.0109218 4 1 0
0.00501647 0.238303 0.0108931 4 1 0
0.00501545 0.238555 0.0108638 4 1 0
0.00501439 0.238815 0.0108338 4 1 0
0.00501329 0.239077 0.0108034 4 1 0
0.00501216 0.239344 0.0107726 4 1 0
0.005011 0.239617 0.0107414 4 1 0
0.00500981 0.239892 0.0107099 4 1 0
0.00500859 0.24017 0.0106782 4 1 0
0.00500735 0.240451 0.0106461 4 1 0
0.00500609 0.240736 0.0106138 4 1 0
0.00500481 0.241023 0.0105814 4 1 0
0.0050035 0.241311 0.0105487 4 1 0
0.00500218 0.241603 0.0105159 4 1 0
0.00500084 0.241897 0.010483 4 1 0
0.00499948 0.242192 0.01045 4 1 0
0.00499811 0.242489 0.0104169 4 1 0
0.00499672 0.242788 0.0103836 4 1 0
0.00499532 0.243093 0.0103503 4 1 0
0.00499391 0.243396 0.010317 4 1 0
0.00499249 0.2437 0.0102836 3 1 0
0.00499105 0.244006 0.0102501 4 1 0
0.0049896 0.244313 0.0102166 3 1 0
0.00498814 0.244621 0.0101831 3 1 0
0.00498667 0.244933 0.0101496 3 1 0
0.00498519 0.245244 0.010116 3 1 0
0.0049837 0.245556 0.0100825 3 1 0
0.0049822 0.245869 0.0100489 3 1 0
0.00498069 0.246183 0.0100154 3 1 0
0.00497918 0.246498 0.00998181 3 1 0
0.00497765 0.246816 0.00994831 3 1 0
0.00497612 0.247133 0.00991478 3 1 0
0.00497458 0.247452 0.00988128 3 1 0
0.00497304 0.247771 0.00984787 3 1 0
0.00497148 0.248091 0.00981441 3 1 0
0.00496992 0.248411 0.00978098 3 1 0
0.00496835 0.248733 0.00974771 3 1 0
0.00496678 0.249056 0.00971434 3 1 0
0.0049652 0.249378 0.00968101 3 1 0
0.00496361 0.249702 0.00964792 3 1 0
0.00496202 0.250026 0.00961467 3 1 0
0.00496042 0.250351 0.00958147 3 1 0
0.00495881 0.250678 0.0095485 3 1 0
0.0049572 0.251004 0.00951538 3 1 0
0.00495559 0.251331 0.00948232 3 1 0
0.00495396 0.251661 0.00944949 3 1 0
0.00495234 0.251989 0.00941658 3 1 0
0.00495071 0.252318 0.00938368 3 1 0
0.00494907 0.25265 0.00935074 3 1 0
0.00494743 0.25298 0.00931802 3 1 0
0.00494578 0.253311 0.00928537 3 1 0
0.00494413 0.253642 0.00925247 3 1 0
0.00494247 0.253974 0.00921992 3 1 0
0.00494081 0.254306 0.00918743 3 1 0
0.00493915 0.254642 0.00915499 3 1 0
0.00493748 0.254976 0.00912264 3 1 0
0.00493581 0.25531 0.00909035 3 1 0
0.00493413 0.255646 0.00905806 3 1 0
0.00493245 0.255981 0.0090259 3 1 0
0.00493076 0.256317 0.00899381 3 1 0
0.00492907 0.256656 0.00896171 3 1 0
0.00492738 0.256993 0.00892975 3 1 0
0.00492568 0.25733 0.00889787 3 1 0
0.00492398 0.25767 0.008866 3 1 0
0.00492228 0.258009 0.00883425 3 1 0
0.00492057 0.258348 0.00880257 3 1 0
0.00491886 0.258688 0.00877097 3 1 0
0.00491714 0.259029 0.00873943 3 1 0
0.00491542 0.25937 0.00870796 3 1 0
0.0049137 0.259711 0.0086766 3 1 0
0.00491197 0.260053 0.00864527 3 1 0
0.00491024 0.260395 0.00861403 3 1 0
0.00490851 0.260738 0.00858294 3 1 0
0.00490677 0.26108 0.00855183 3 1 0
0.00490503 0.261424 0.0085208 3 1 0
0.00490329 0.261768 0.00849004 3 1 0
0.00490154 0.262112 0.00845915 3 1 0
