0.004 0.432042 0.00137408 4 1 0
0.00398473 0.42931 0.00153931 3 1 0
0.0039732 0.431794 0.00150234 3 1 0
0.00397085 0.432322 0.00149497 3 1 0
0.00396849 0.43283 0.00148754 3 1 0
0.00396614 0.433339 0.00148016 3 1 0
0.00396379 0.433846 0.00147277 3 1 0
0.00396144 0.434355 0.00146546 3 1 0
0.0039591 0.434863 0.0014582 3 1 0
0.00395675 0.43537 0.00145097 3 1 0
0.0039544 0.435878 0.00144378 3 1 0
0.00395206 0.436386 0.00143662 3 1 0
0.00394972 0.436894 0.00142952 3 1 0
0.00394738 0.437401 0.00142244 3 1 0
0.00394504 0.437908 0.00141539 3 1 0
0.0039427 0.438418 0.00140842 3 1 0
0.00394036 0.438926 0.00140145 3 1 0
0.00393803 0.439434 0.00139452 3 1 0
0.00393569 0.439941 0.00138769 3 1 0
0.00393336 0.440451 0.00138083 3 1 0
0.00393103 0.44096 0.00137401 3 1 0
0.0039287 0.441465 0.00136715 3 1 0
0.00392637 0.441975 0.00136037 3 1 0
0.00392404 0.442485 0.00135362 3 1 0
0.00392171 0.442993 0.0013469 3 1 0
0.00391939 0.443503 0.00134022 3 1 0
0.00391706 0.444012 0.00133358 3 1 0
0.00391474 0.444521 0.00132695 3 1 0
0.00391242 0.445031 0.00132038 3 1 0
0.0039101 0.44554 0.00131384 3 1 0
0.00390778 0.446049 0.00130733 3 1 0
0.00390547 0.446557 0.00130086 3 1 0
0.00390315 0.447065 0.00129442 3 1 0
0.00390084 0.447572 0.00128801 3 1 0
0.00389853 0.448079 0.00128164 3 1 0
0.00389622 0.448586 0.00127531 3 1 0
0.00389391 0.449105 0.00126901 3 1 0
0.0038916 0.449614 0.00126274 3 1 0
0.0038893 0.450123 0.00125651 3 1 0
0.00388699 0.450632 0.00125032 3 1 0
0.00388469 0.451143 0.00124415 3 1 0
0.00388239 0.451654 0.00123802 3 1 0
0.00388009 0.45216 0.00123194 3 1 0
0.00387779 0.452671 0.00122587 3 1 0
0.00387549 0.453182 0.00121984 3 1 0
0.0038732 0.453682 0.00121386 3 1 0
0.00387091 0.454195 0.00120789 3 1 0
0.00386862 0.454707 0.00120196 3 1 0
0.00386633 0.45522 0.00119604 3 1 0
0.00386404 0.455728 0.00119014 3 1 0
0.00386175 0.456236 0.00118427 3 1 0
0.00385947 0.456752 0.00117839 3 1 0
0.00385718 0.457261 0.00117259 3 1 0
0.0038549 0.45777 0.00116682 3 1 0
0.00385262 0.458281 0.00116105 3 1 0
0.00385034 0.458791 0.00115535 3 1 0
0.00384807 0.4593 0.00114967 3 1 0
0.00384579 0.45981 0.00114402 3 1 0
0.00384352 0.46032 0.00113841 3 1 0
0.00384125 0.460829 0.00113283 3 1 0
0.00383898 0.461337 0.00112731 3 1 0
0.00383671 0.461847 0.00112179 3 1 0
0.00383445 0.462357 0.00111631 3 1 0
0.00383218 0.462861 0.00111095 3 1 0
0.00382992 0.463372 0.0011055 3 1 0
0.00382766 0.463883 0.00110008 3 1 0
0.0038254 0.464391 0.00109467 3 1 0
0.00382315 0.464902 0.00108933 3 1 0
0.00382089 0.465412 0.00108403 3 1 0
0.00381864 0.465919 0.00107876 3 1 0
0.00381639 0.466429 0.0010735 3 1 0
0.00381414 0.466938 0.00106825 3 1 0
0.0038119 0.467438 0.00106302 3 1 0
0.00380965 0.467949 0.00105783 3 1 0
0.00380741 0.46846 0.00105267 3 1 0
0.00380517 0.468965 0.00104752 3 1 0
0.00380293 0.46947 0.00104242 3 1 0
0.00380069 0.469975 0.00103734 3 1 0
0.00379846 0.470492 0.00103229 3 1 0
0.00379622 0.470998 0.00102727 3 1 0
0.00379399 0.471503 0.00102228 3 1 0
0.00379176 0.472016 0.0010173 3 1 0
0.00378954 0.472522 0.00101237 3 1 0
0.00378731 0.473027 0.00100746 3 1 0
0.00378509 0.473538 0.00100258 3 1 0
0.00378287 0.474044 0.00099773 3 1 0
0.00378065 0.474549 0.000992907 3 1 0
0.00377843 0.475058 0.000988112 3 1 0
0.00377622 0.475564 0.000983345 3 1 0
0.00377401 0.47607 0.000978606 3 1 0
0.0037718 0.476576 0.000973901 3 1 0
0.00376959 0.477081 0.000969216 3 1 0
0.00376739 0.477586 0.000964559 3 1 0
0.00376518 0.478091 0.000959945 3 1 0
0.00376298 0.478596 0.000955342 3 1 0
0.00376079 0.4791 0.000950765 3 1 0
0.00375859 0.479604 0.000946243 3 1 0
0.0037564 0.480109 0.000941721 3 1 0
0.0037542 0.480613 0.000937225 3 1 0
0.00375202 0.481114 0.000932735 3 1 0
0.00374983 0.481618 0.000928268 3 1 0
0.00374764 0.482122 0.000923828 3 1 0
0.00374546 0.482621 0.000919381 3 1 0
0.00374328 0.483125 0.000914995 3 1 0
0.00374111 0.483628 0.000910634 3 1 0
0.00373893 0.484125 0.000906281 3 1 0
0.00373676 0.484628 0.000901975 3 1 0
0.00373459 0.485131 0.000897694 3 1 0
0.00373242 0.485621 0.000893459 3 1 0
0.00373026 0.486124 0.000889234 3 1 0
0.0037281 0.486627 0.000885035 3 1 0
0.00372594 0.487127 0.00088085 3 1 0
0.00372378 0.487628 0.0008767 3 1 0
0.00372163 0.488128 0.000872575 3 1 0
0.00371948 0.488621 0.000868458 3 1 0
0.00371733 0.489121 0.000864382 3 1 0
0.00371518 0.48962 0.00086033 3 1 0
0.00371304 0.490116 0.000856296 3 1 0
0.0037109 0.490615 0.000852292 3 1 0
0.00370876 0.491112 0.000848314 3 1 0
0.00370663 0.491608 0.000844355 3 1 0
0.0037045 0.492104 0.000840425 3 1 0
0.00370237 0.492599 0.000836519 3 1 0
0.00370024 0.493092 0.000832635 3 1 0
0.00369812 0.493586 0.000828777 3 1 0
0.003696 0.49408 0.000824944 3 1 0
0.00369388 0.494562 0.000821139 3 1 0
0.00369177 0.495056 0.000817343 3 1 0
0.00368966 0.49555 0.000813559 3 1 0
0.00368755 0.496039 0.000809785 3 1 0
0.00368545 0.496527 0.000806049 3 1 0
0.00368335 0.497013 0.000802337 3 1 0
0.00368125 0.497509 0.000798639 3 1 0
0.00367915 0.497995 0.000794976 3 1 0
0.00367706 0.49848 0.000791336 3 1 0
0.00367497 0.498972 0.000787714 3 1 0
0.00367289 0.499456 0.000784122 3 1 0
0.00367081 0.499938 0.000780554 3 1 0
0.00366873 0.500436 0.000777005 3 1 0
0.00366665 0.50092 0.000773485 3 1 0
0.00366458 0.501402 0.000769987 3 1 0
0.00366251 0.501888 0.000766514 3 1 0
0.00366045 0.502369 0.000763064 3 1 0
0.00365839 0.502849 0.000759638 3 1 0
0.00365633 0.503332 0.00075624 3 1 0
0.00365428 0.503811 0.000752861 3 1 0
0.00365223 0.504288 0.000749505 3 1 0
0.00365018 0.504767 0.000746184 3 1 0
0.00364814 0.505243 0.000742876 3 1 0
0.0036461 0.505718 0.00073959 3 1 0
0.00364407 0.506193 0.000736351 3 1 0
0.00364204 0.506665 0.000733112 3 1 0
0.00364001 0.507136 0.000729896 3 1 0
0.00363799 0.507612 0.000726667 3 1 0
0.00363597 0.508082 0.000723477 3 1 0
0.00363396 0.508549 0.00072031 3 1 0
0.00363195 0.509029 0.000717136 3 1 0
0.00362994 0.509496 0.000714018 3 1 0
0.00362794 0.509962 0.000710923 3 1 0
0.00362595 0.510427 0.000707843 3 1 0
0.00362396 0.510893 0.000704798 3 1 0
0.00362197 0.511358 0.000701775 3 1 0
0.00361999 0.511806 0.000698803 3 1 0
0.00361801 0.512271 0.000695829 3 1 0
0.00361603 0.512734 0.000692878 3 1 0
0.00361407 0.513191 0.000689922 3 1 0
0.0036121 0.513651 0.000687015 3 1 0
0.00361014 0.514109 0.00068413 3 1 0
0.00360819 0.514557 0.00068129 3 1 0
0.00360624 0.515013 0.000678453 3 1 0
0.0036043 0.515468 0.000675639 3 1 0
0.00360236 0.51591 0.000672818 3 1 0
0.00360043 0.516359 0.000670048 3 1 0
0.0035985 0.51681 0.000667301 3 1 0
0.00359658 0.517258 0.000664564 3 1 0
0.00359466 0.517699 0.000661862 3 1 0
0.00359275 0.518138 0.000659184 3 1 0
0.00359085 0.518588 0.000656527 3 1 0
0.00358895 0.519024 0.000653874 3 1 0
0.00358706 0.519459 0.000651245 3 1 0
0.00358517 0.519904 0.000648638 3 1 0
0.00358329 0.520335 0.000646056 3 1 0
0.00358142 0.520764 0.000643497 3 1 0
0.00357955 0.521202 0.000640956 3 1 0
0.00357769 0.521628 0.000638446 3 1 0
0.00357584 0.522053 0.00063596 3 1 0
0.003574 0.522481 0.00063348 3 1 0
0.00357216 0.522902 0.000631045 3 1 0
0.00357032 0.523322 0.000628635 3 1 0
0.0035685 0.523739 0.000626258 3 1 0
0.00356668 0.524153 0.000623894 3 1 0
0.00356487 0.524565 0.000621555 3 1 0
0.00356307 0.524976 0.000619245 3 1 0
0.00356128 0.525383 0.000616955 3 1 0
0.00355949 0.525788 0.000614689 3 1 0
0.00355772 0.526189 0.00061245 3 1 0
0.00355595 0.526589 0.000610236 3 1 0
0.00355419 0.526986 0.000608047 3 1 0
0.00355244 0.527376 0.000605885 3 1 0
0.00355069 0.527769 0.000603748 3 1 0
0.00354896 0.528158 0.000601638 3 1 0
0.00354724 0.528538 0.000599561 3 1 0
0.00354553 0.528922 0.000597506 3 1 0
0.00354382 0.529302 0.000595479 3 1 0
0.00354213 0.529671 0.000593466 3 1 0
0.00354045 0.530045 0.000591492 3 1 0
0.00353878 0.530415 0.000589546 3 1 0
0.00353712 0.530769 0.00058762 3 1 0
0.00353547 0.531133 0.00058573 3 1 0
0.00353383 0.531492 0.000583869 3 1 0
0.00353221 0.531837 0.000582032 3 1 0
0.00353059 0.532187 0.00058023 3 1 0
0.00352899 0.532534 0.000578458 3 1 0
0.00352741 0.532881 0.000576713 3 1 0
0.00352583 0.533218 0.000575003 3 1 0
0.00352427 0.533551 0.000573324 3 1 0
0.00352273 0.533876 0.000571675 3 1 0
0.00352119 0.534199 0.000570061 3 1 0
0.00351968 0.534517 0.00056848 3 1 0
0.00351818 0.534829 0.000566933 3 1 0
0.00351669 0.535136 0.00056542 3 1 0
0.00351522 0.535437 0.000563942 3 1 0
0.00351377 0.535731 0.000562495 3 1 0
0.00351234 0.536021 0.000561069 3 1 0
0.00351092 0.536305 0.00055968 3 1 0
0.00350952 0.536577 0.000558326 3 1 0
0.00350814 0.536849 0.000557014 3 1 0
0.00350679 0.537114 0.00055574 3 1 0
0.00350545 0.537359 0.000554503 3 1 0
0.00350413 0.537611 0.000553312 3 1 0
0.00350283 0.537856 0.000552161 3 1 0
0.00350156 0.538092 0.00055105 3 1 0
0.00350031 0.538317 0.000549987 3 1 0
0.00349908 0.538535 0.000548968 3 1 0
0.00349788 0.538755 0.000547992 3 1 0
0.0034967 0.538957 0.000547066 3 1 0
0.00349555 0.53915 0.000546188 3 1 0
0.00349442 0.539343 0.000545359 3 1 0
0.00349333 0.539518 0.000544581 3 1 0
0.00349226 0.539684 0.000543853 3 1 0
0.00349122 0.539847 0.000543189 3 1 0
0.00349022 0.539994 0.000542569 3 1 0
0.00348924 0.540131 0.000542004 3 1 0
0.0034883 0.540257 0.000541537 3 1 0
0.00348739 0.540373 0.000541088 3 1 0
0.00348652 0.540477 0.000540692 3 1 0
0.00348568 0.540569 0.000540299 3 1 0
0.00348488 0.54065 0.000540025 3 1 0
0.00348411 0.540718 0.000539814 3 1 0
0.00348339 0.540776 0.000539681 3 1 0
0.0034827 0.54082 0.000539599 3 1 0
0.00348206 0.540851 0.000539584 3 1 0
0.00348145 0.540869 0.000539609 3 1 0
0.00348089 0.540873 0.000539729 3 1 0
0.00348038 0.540863 0.000539919 3 1 0
0.00347991 0.540838 0.000540176 3 1 0
0.00347948 0.540801 0.000540508 3 1 0
0.0034791 0.54075 0.000540908 3 1 0
0.00347877 0.540686 0.000541379 3 1 0
0.00347849 0.540605 0.000541918 3 1 0
0.00347825 0.54051 0.000542532 3 1 0
0.00347806 0.5404 0.000543226 3 1 0
0.00347793 0.540276 0.000543993 3 1 0
0.00347784 0.540137 0.000544836 3 1 0
0.0034778 0.539983 0.000545757 3 1 0
0.00347781 0.539814 0.000546755 3 1 0
0.00347787 0.539631 0.00054783 3 1 0
0.00347799 0.539433 0.000548981 3 1 0
0.00347815 0.53922 0.000550209 3 1 0
0.00347836 0.538994 0.000551513 3 1 0
0.00347862 0.538752 0.000552889 3 1 0
0.00347893 0.538498 0.000554344 3 1 0
0.00347929 0.53823 0.000555873 3 1 0
0.0034797 0.537947 0.000557471 3 1 0
0.00348015 0.537653 0.000559145 3 1 0
0.00348065 0.537346 0.000560891 3 1 0
0.0034812 0.537029 0.000562702 3 1 0
0.00348179 0.536698 0.000564587 3 1 0
0.00348242 0.536355 0.000566539 3 1 0
0.0034831 0.536 0.000568556 3 1 0
0.00348382 0.535634 0.00057064 3 1 0
0.00348458 0.535258 0.000572787 3 1 0
0.00348538 0.534868 0.000575005 3 1 0
0.00348538 0.534864 0.000575023 3 1 0
0.00348622 0.534468 0.000577295 3 1 0
0.0034871 0.534066 0.000579622 3 1 0
0.00348802 0.53365 0.000582012 3 1 0
0.00348896 0.533226 0.000584458 3 1 0
0.00348995 0.532795 0.000586954 3 1 0
0.00349096 0.532355 0.00058951 3 1 0
0.00349201 0.531906 0.000592119 3 1 0
0.00349309 0.531449 0.000594789 3 1 0
0.0034942 0.530986 0.0005975 3 1 0
0.00349534 0.530515 0.000600261 3 1 0
0.0034965 0.530042 0.000603089 3 1 0
0.0034977 0.529559 0.000605946 3 1 0
0.00349892 0.52907 0.000608849 3 1 0
0.00350016 0.528578 0.000611811 3 1 0
0.00350143 0.528077 0.000614804 3 1 0
0.00350273 0.527572 0.000617841 3 1 0
0.00350404 0.527068 0.00062093 3 1 0
0.00350538 0.526553 0.000624052 3 1 0
0.00350674 0.526034 0.000627215 3 1 0
0.00350812 0.525515 0.000630425 3 1 0
0.00350952 0.524988 0.000633668 3 1 0
0.00351094 0.524456 0.00063695 3 1 0
0.00351238 0.523923 0.00064028 3 1 0
0.00351383 0.523385 0.000643638 3 1 0
0.00351531 0.522843 0.000647033 3 1 0
0.0035168 0.522301 0.000650469 3 1 0
0.0035183 0.521753 0.000653937 3 1 0
0.00351983 0.521202 0.000657441 3 1 0
0.00352136 0.520652 0.000660984 3 1 0
0.00352291 0.520097 0.000664557 3 1 0
0.00352448 0.519539 0.000668165 3 1 0
0.00352606 0.518979 0.000671811 3 1 0
0.00352765 0.518417 0.000675486 3 1 0
0.00352926 0.517853 0.000679194 3 1 0
0.00353087 0.517286 0.00068294 3 1 0
0.0035325 0.516718 0.000686713 3 1 0
0.00353414 0.516148 0.000690519 3 1 0
0.0035358 0.515576 0.000694357 3 1 0
0.00353746 0.515003 0.000698222 3 1 0
0.00353914 0.514429 0.000702118 3 1 0
0.00354082 0.513848 0.000706047 3 1 0
0.00354251 0.513271 0.000710005 3 1 0
0.00354422 0.512694 0.000713993 3 1 0
0.00354593 0.512104 0.000718014 3 1 0
0.00354766 0.511525 0.000722063 3 1 0
0.00354939 0.510945 0.000726142 3 1 0
0.00355113 0.510355 0.000730253 3 1 0
0.00355288 0.509774 0.000734392 3 1 0
0.00355463 0.50919 0.000738561 3 1 0
0.0035564 0.508597 0.000742764 3 1 0
0.00355817 0.508013 0.000746992 3 1 0
0.00355995 0.507428 0.000751249 3 1 0
0.00356174 0.506835 0.000755544 3 1 0
0.00356353 0.506243 0.000759859 3 1 0
0.00356534 0.505655 0.000764203 3 1 0
0.00356714 0.505068 0.000768586 3 1 0
0.00356896 0.504474 0.000772989 3 1 0
0.00357078 0.50388 0.00077742 3 1 0
0.00357261 0.503297 0.000781893 3 1 0
0.00357444 0.502702 0.000786382 3 1 0
0.00357628 0.502106 0.0007909 3 1 0
0.00357813 0.501516 0.000795465 3 1 0
0.00357998 0.50092 0.00080004 3 1 0
0.00358184 0.500324 0.000804644 3 1 0
0.0035837 0.499736 0.000809307 3 1 0
0.00358557 0.499139 0.000813968 3 1 0
0.00358744 0.498541 0.000818658 3 1 0
0.00358932 0.497949 0.000823364 3 1 0
0.0035912 0.497351 0.000828121 3 1 0
0.00359309 0.496754 0.000832907 3 1 0
0.00359498 0.496164 0.000837621 3 1 0
0.00359688 0.495566 0.000842461 3 1 0
0.00359878 0.494967 0.00084733 3 1 0
0.00360069 0.494383 0.00085223 3 1 0
0.0036026 0.493786 0.000857157 3 1 0
0.00360451 0.493188 0.000862114 3 1 0
0.00360643 0.492599 0.000867174 3 1 0
0.00360835 0.492003 0.000872181 3 1 0
0.00361028 0.491406 0.000877217 3 1 0
0.00361221 0.490813 0.00088221 3 1 0
0.00361415 0.490217 0.000887307 3 1 0
0.00361608 0.489621 0.000892434 3 1 0
0.00361803 0.489026 0.000897579 3 1 0
0.00361997 0.48843 0.000902766 3 1 0
0.00362192 0.487833 0.000907983 3 1 0
0.00362387 0.487238 0.000913231 3 1 0
0.00362583 0.486644 0.000918508 3 1 0
0.00362779 0.48605 0.000923814 3 1 0
0.00362975 0.485449 0.000929156 3 1 0
0.00363172 0.484856 0.000934522 3 1 0
0.00363369 0.484264 0.000939918 3 1 0
0.00363566 0.483659 0.000945354 3 1 0
0.00363764 0.483068 0.000950811 3 1 0
0.00363961 0.482477 0.000956298 3 1 0
0.0036416 0.481879 0.000961827 3 1 0
0.00364358 0.481283 0.000967376 3 1 0
0.00364557 0.480692 0.000972955 3 1 0
0.00364756 0.480101 0.000978574 3 1 0
0.00364955 0.479505 0.000984215 3 1 0
0.00365154 0.478914 0.000989886 3 1 0
0.00365354 0.478329 0.000995598 3 1 0
0.00365554 0.477735 0.00100133 3 1 0
0.00365755 0.477141 0.0010071 3 1 0
0.00365955 0.476559 0.0010129 3 1 0
0.00366156 0.475966 0.00101873 3 1 0
0.00366357 0.475374 0.00102459 3 1 0
0.00366558 0.474787 0.00103049 3 1 0
0.0036676 0.474196 0.00103639 3 1 0
0.00366962 0.473604 0.00104232 3 1 0
0.00367164 0.47302 0.00104829 3 1 0
0.00367366 0.47243 0.00105429 3 1 0
0.00367568 0.47184 0.00106032 3 1 0
0.00367771 0.471254 0.00106639 3 1 0
0.00367974 0.470665 0.00107248 3 1 0
0.00368177 0.470076 0.00107861 3 1 0
0.0036838 0.469492 0.00108478 3 1 0
0.00368584 0.468905 0.00109096 3 1 0
0.00368787 0.468317 0.00109719 3 1 0
0.00368991 0.467734 0.00110346 3 1 0
0.00369195 0.467149 0.00110975 3 1 0
0.003694 0.466563 0.00111607 3 1 0
0.00369604 0.465979 0.00112246 3 1 0
0.00369809 0.465394 0.00112884 3 1 0
0.00370014 0.46481 0.00113526 3 1 0
0.00370219 0.464225 0.00114178 3 1 0
0.00370424 0.463641 0.00114826 3 1 0
0.00370629 0.463056 0.00115478 3 1 0
0.00370835 0.462479 0.00116123 3 1 0
0.00371041 0.461896 0.00116782 3 1 0
0.00371246 0.461314 0.00117443 3 1 0
0.00371452 0.460734 0.00118103 3 1 0
0.00371659 0.460153 0.00118772 3 1 0
0.00371865 0.459573 0.00119444 3 1 0
0.00372072 0.458991 0.0012012 3 1 0
0.00372278 0.458413 0.00120799 3 1 0
0.00372485 0.457835 0.00121482 3 1 0
0.00372692 0.457251 0.00122169 3 1 0
0.00372899 0.456675 0.00122859 3 1 0
0.00373107 0.456099 0.00123552 3 1 0
0.00373314 0.455518 0.0012425 3 1 0
0.00373522 0.454944 0.00124951 3 1 0
0.00373729 0.454369 0.00125655 3 1 0
0.00373937 0.453788 0.00126364 3 1 0
0.00374145 0.453215 0.00127075 3 1 0
0.00374354 0.452642 0.0012779 3 1 0
0.00374562 0.452061 0.00128511 3 1 0
0.0037477 0.45149 0.00129233 3 1 0
0.00374979 0.450918 0.00129958 3 1 0
0.00375187 0.45034 0.0013069 3 1 0
0.00375396 0.44977 0.0013142 3 1 0
0.00375605 0.4492 0.00132154 3 1 0
0.00375814 0.448624 0.00132889 3 1 0
0.00376023 0.448055 0.00133631 3 1 0
0.00376233 0.447487 0.00134376 3 1 0
0.00376442 0.446913 0.00135122 3 1 0
0.00376652 0.446346 0.00135875 3 1 0
0.00376861 0.445779 0.00136631 3 1 0
0.00377071 0.445208 0.0013739 3 1 0
0.00377281 0.444642 0.00138154 3 1 0
0.00377491 0.444075 0.00138921 3 1 0
0.00377701 0.443498 0.00139692 3 1 0
0.00377911 0.442934 0.00140467 3 1 0
0.00378122 0.44237 0.00141246 3 1 0
0.00378332 0.441801 0.00142028 3 1 0
0.00378542 0.441239 0.00142815 3 1 0
0.00378753 0.440676 0.00143606 3 1 0
0.00378964 0.440105 0.001444 3 1 0
0.00379175 0.439544 0.00145199 3 1 0
0.00379386 0.438983 0.00146001 3 1 0
0.00379597 0.438415 0.00146807 3 1 0
0.00379808 0.437855 0.00147617 3 1 0
0.00380019 0.437296 0.00148431 3 1 0
0.0038023 0.436735 0.0014925 3 1 0
0.00380442 0.436172 0.00150072 3 1 0
0.00380653 0.435609 0.00150898 3 1 0
0.00380865 0.435058 0.00151728 3 1 0
0.00381076 0.434497 0.00152562 3 1 0
0.00381288 0.433936 0.001534 3 1 0
0.003815 0.433381 0.00154242 3 1 0
0.00381712 0.432822 0.00155088 3 1 0
0.00381924 0.432263 0.00155938 3 1 0
0.00382136 0.43171 0.00156793 3 1 0
0.00382348 0.431153 0.00157651 3 1 0
0.0038256 0.430596 0.00158514 3 1 0
0.00382772 0.430042 0.00159381 3 1 0
0.00382985 0.429487 0.00160252 3 1 0
0.00383197 0.428932 0.00161127 3 1 0
0.0038341 0.428379 0.00162007 3 1 0
0.00383622 0.427826 0.0016289 3 1 0
0.00383835 0.427272 0.00163777 3 1 0
0.00384048 0.42672 0.00164666 4 1 0
0.00384261 0.426168 0.00165559 4 1 0
0.00384473 0.425616 0.00166456 4 1 0
0.00384686 0.425066 0.00167355 4 1 0
0.00384899 0.424516 0.0016826 4 1 0
0.00385112 0.423966 0.0016917 4 1 0
0.00385326 0.423415 0.00170082 4 1 0
0.00385539 0.422867 0.00171001 4 1 0
0.00385752 0.422319 0.00171923 4 1 0
0.00385965 0.421768 0.00172849 4 1 0
0.00386179 0.421222 0.0017378 4 1 0
0.00386392 0.420676 0.00174715 4 1 0
0.00386606 0.420127 0.00175655 4 1 0
0.00386819 0.419582 0.00176599 4 1 0
0.00387033 0.419038 0.00177548 4 1 0
0.00387246 0.418489 0.00178501 4 1 0
0.0038746 0.417947 0.00179459 4 1 0
0.00387674 0.417404 0.0018042 4 1 0
0.00387888 0.416857 0.00181387 4 1 0
0.00388102 0.416317 0.00182358 4 1 0
0.00388316 0.415776 0.00183333 4 1 0
0.0038853 0.415233 0.00184314 4 1 0
0.00388744 0.414693 0.00185298 4 1 0
0.00388958 0.414153 0.00186286 4 1 0
0.00389172 0.413606 0.0018728 4 1 0
0.00389386 0.413069 0.00188277 4 1 0
0.003896 0.412532 0.00189279 4 1 0
0.00389814 0.411988 0.00190285 4 1 0
0.00390029 0.411447 0.00191297 4 1 0
0.00390243 0.410913 0.00192313 4 1 0
0.00390457 0.410377 0.00193335 4 1 0
0.00390672 0.409838 0.00194361 4 1 0
0.00390886 0.409301 0.00195391 4 1 0
0.00391101 0.408774 0.00196428 4 1 0
0.00391315 0.408238 0.00197468 4 1 0
0.0039153 0.407702 0.00198513 4 1 0
0.00391744 0.407171 0.00199564 4 1 0
0.00391959 0.406637 0.00200618 4 1 0
0.00392174 0.406103 0.00201677 4 1 0
0.00392388 0.405572 0.00202742 4 1 0
0.00392603 0.40504 0.00203811 4 1 0
0.00392818 0.404508 0.00204885 4 1 0
0.00393033 0.403977 0.00205964 4 1 0
0.00393247 0.403447 0.00207047 4 1 0
0.00393462 0.402917 0.00208136 4 1 0
0.00393677 0.402387 0.00209229 4 1 0
0.00393892 0.401858 0.00210327 4 1 0
0.00394107 0.40133 0.00211426 4 1 0
0.00394322 0.400801 0.00212531 4 1 0
0.00394537 0.400274 0.0021364 4 1 0
0.00394752 0.399747 0.00214754 4 1 0
0.00394967 0.39922 0.00215877 4 1 0
0.00395182 0.398695 0.00217001 4 1 0
0.00395397 0.398169 0.0021813 4 1 0
0.00395612 0.397644 0.00219267 4 1 0
0.00395827 0.39712 0.0022041 4 1 0
0.00396042 0.396596 0.00221557 4 1 0
0.00396258 0.396072 0.00222696 4 1 0
0.00396473 0.39555 0.0022385 4 1 0
0.00396688 0.395027 0.00225009 4 1 0
0.00396903 0.394504 0.00226165 4 1 0
0.00397118 0.393984 0.00227335 4 1 0
0.00397333 0.393463 0.0022851 4 1 0
0.00397549 0.39294 0.0022969 4 1 0
0.00397764 0.392421 0.00230876 4 1 0
0.00397979 0.391903 0.00232068 4 1 0
0.00398194 0.391382 0.00233267 4 1 0
0.0039841 0.390865 0.00234469 4 1 0
0.00398625 0.390348 0.00235676 4 1 0
0.0039884 0.389828 0.00236892 4 1 0
0.00399056 0.389313 0.0023811 4 1 0
0.00399271 0.388797 0.00239334 4 1 0
0.00399486 0.38828 0.00240567 4 1 0
0.00399701 0.387766 0.00241801 4 1 0
0.00399917 0.387251 0.00243041 4 1 0
0.00400132 0.386729 0.00244289 4 1 0
0.00400347 0.386218 0.0024554 4 1 0
0.00400563 0.385706 0.00246794 4 1 0
0.00400778 0.385193 0.00248054 4 1 0
0.00400993 0.384679 0.00249316 4 1 0
0.00401209 0.384165 0.00250585 4 1 0
0.00401424 0.383657 0.00251861 4 1 0
0.00401639 0.383144 0.0025314 4 1 0
0.00401855 0.382631 0.00254425 4 1 0
0.0040207 0.382125 0.00255704 4 1 0
0.00402285 0.381613 0.00257 4 1 0
0.00402501 0.381105 0.00258302 4 1 0
0.00402716 0.380602 0.00259606 4 1 0
0.00402931 0.380092 0.0026092 4 1 0
0.00403147 0.379583 0.00262239 4 1 0
0.00403362 0.379082 0.00263563 4 1 0
0.00403577 0.378575 0.00264894 4 1 0
0.00403792 0.378067 0.00266231 4 1 0
0.00404008 0.377565 0.00267574 4 1 0
0.00404223 0.37706 0.00268922 4 1 0
0.00404438 0.376554 0.00270276 4 1 0
0.00404653 0.376053 0.00271637 4 1 0
0.00404868 0.375549 0.00273003 4 1 0
0.00405084 0.375045 0.00274374 4 1 0
0.00405299 0.374544 0.00275752 4 1 0
0.00405514 0.374042 0.00277135 4 1 0
0.00405729 0.37354 0.00278524 4 1 0
0.00405944 0.373039 0.00279914 4 1 0
0.00406159 0.372537 0.00281314 4 1 0
0.00406374 0.372035 0.00282721 4 1 0
0.0040659 0.371539 0.00284146 4 1 0
0.00406805 0.371041 0.00285561 4 1 0
0.0040702 0.370544 0.00286981 4 1 0
0.00407235 0.370044 0.00288392 4 1 0
0.0040745 0.369548 0.00289825 4 1 0
0.00407665 0.369051 0.00291264 4 1 0
0.00407879 0.368547 0.00292706 4 1 0
0.00408094 0.368054 0.00294158 4 1 0
0.00408309 0.36756 0.00295616 4 1 0
0.00408524 0.367067 0.00297081 4 1 0
0.00408739 0.366574 0.00298551 4 1 0
0.00408954 0.366081 0.00300028 4 1 0
0.00409169 0.36558 0.00301514 4 1 0
0.00409383 0.365086 0.00303004 4 1 0
0.00409598 0.364596 0.00304499 4 1 0
0.00409813 0.364102 0.00306007 4 1 0
0.00410027 0.36361 0.00307516 4 1 0
0.00410242 0.363122 0.0030903 4 1 0
0.00410457 0.362634 0.00310559 4 1 0
0.00410671 0.362142 0.00312087 4 1 0
0.00410886 0.36165 0.00313617 4 1 0
0.004111 0.361167 0.00315141 4 1 0
0.00411315 0.360677 0.00316682 4 1 0
0.00411529 0.360188 0.0031823 4 1 0
0.00411744 0.359704 0.00319777 4 1 0
0.00411958 0.359216 0.00321338 4 1 0
0.00412172 0.358729 0.00322905 4 1 0
0.00412387 0.358245 0.00324476 4 1 0
0.00412601 0.35776 0.00326056 4 1 0
0.00412815 0.357274 0.00327643 4 1 0
0.00413029 0.35679 0.00329236 4 1 0
0.00413243 0.356306 0.00330836 4 1 0
0.00413457 0.355822 0.00332443 4 1 0
0.00413671 0.355337 0.00334057 4 1 0
0.00413885 0.354855 0.00335677 4 1 0
0.00414099 0.354374 0.00337304 4 1 0
0.00414313 0.353888 0.00338941 4 1 0
0.00414527 0.353408 0.00340581 4 1 0
0.00414741 0.352929 0.00342228 4 1 0
0.00414955 0.352442 0.00343887 4 1 0
0.00415168 0.351965 0.00345547 4 1 0
0.00415382 0.351487 0.00347215 4 1 0
0.00415596 0.35101 0.00348894 4 1 0
0.00415809 0.35053 0.00350575 4 1 0
0.00416023 0.35005 0.0035226 4 1 0
0.00416236 0.349579 0.00353943 4 1 0
0.00416449 0.349101 0.00355639 4 1 0
0.00416663 0.348624 0.00357342 4 1 0
0.00416876 0.34815 0.00359047 4 1 0
0.00417089 0.347675 0.00360764 4 1 0
0.00417302 0.3472 0.00362487 4 1 0
0.00417516 0.346722 0.00364218 4 1 0
0.00417729 0.346249 0.00365955 4 1 0
0.00417942 0.345777 0.00367699 4 1 0
0.00418155 0.3453 0.00369446 4 1 0
0.00418368 0.344829 0.00371204 4 1 0
0.0041858 0.344358 0.0037297 4 1 0
0.00418793 0.343883 0.00374744 4 1 0
0.00419006 0.34341 0.00376524 4 1 0
0.00419219 0.342939 0.00378312 4 1 0
0.00419431 0.342476 0.00380112 4 1 0
0.00419644 0.342005 0.00381914 4 1 0
0.00419856 0.341535 0.00383723 4 1 0
0.00420068 0.341069 0.00385548 4 1 0
0.00420281 0.3406 0.00387372 4 1 0
0.00420493 0.340131 0.00389204 4 1 0
0.00420705 0.339665 0.00391035 4 1 0
0.00420917 0.339198 0.00392875 4 1 0
0.00421129 0.338732 0.00394723 4 1 0
0.00421341 0.338262 0.00396571 4 1 0
0.00421553 0.337798 0.00398433 4 1 0
0.00421765 0.337334 0.00400303 4 1 0
0.00421977 0.336863 0.00402175 4 1 0
0.00422189 0.336401 0.0040406 4 1 0
0.004224 0.335939 0.00405951 4 1 0
0.00422612 0.335472 0.0040785 4 1 0
0.00422823 0.335012 0.00409756 4 1 0
0.00423035 0.334552 0.00411671 4 1 0
0.00423246 0.33409 0.00413594 4 1 0
0.00423457 0.333627 0.00415523 4 1 0
0.00423669 0.333164 0.0041746 4 1 0
0.0042388 0.33271 0.00419408 4 1 0
0.00424091 0.332249 0.0042136 4 1 0
0.00424302 0.331788 0.0042332 4 1 0
0.00424512 0.331333 0.00425294 4 1 0
0.00424723 0.330874 0.00427269 4 1 0
0.00424934 0.330415 0.00429252 4 1 0
0.00425145 0.329959 0.00431249 4 1 0
0.00425355 0.329503 0.00433242 4 1 0
0.00425566 0.329046 0.00435242 4 1 0
0.00425776 0.328589 0.00437242 4 1 0
0.00425986 0.328134 0.00439258 4 1 0
0.00426196 0.32768 0.00441281 4 1 0
0.00426406 0.327222 0.00443309 4 1 0
0.00426616 0.326769 0.00445348 4 1 0
0.00426826 0.326316 0.00447395 4 1 0
0.00427036 0.325856 0.00449448 4 1 0
0.00427246 0.325405 0.00451511 4 1 0
0.00427456 0.324955 0.00453582 4 1 0
0.00427665 0.3245 0.0045566 4 1 0
0.00427875 0.324048 0.00457746 4 1 0
0.00428084 0.323599 0.00459841 4 1 0
0.00428293 0.32315 0.00461945 4 1 0
0.00428503 0.322698 0.00464056 4 1 0
0.00428712 0.322247 0.00466174 4 1 0
0.00428921 0.321805 0.00468304 4 1 0
0.00429129 0.321355 0.00470439 4 1 0
0.00429338 0.320906 0.00472582 4 1 0
0.00429547 0.32046 0.00474738 4 1 0
0.00429756 0.320013 0.00476897 4 1 0
0.00429964 0.319566 0.00479065 4 1 0
0.00430173 0.31912 0.00481245 4 1 0
0.00430381 0.318674 0.00483429 4 1 0
0.00430589 0.318228 0.00485617 4 1 0
0.00430797 0.317783 0.00487814 4 1 0
0.00431005 0.317339 0.00490015 4 1 0
0.00431213 0.316895 0.00492225 4 1 0
0.00431421 0.316449 0.00494429 4 1 0
0.00431628 0.316007 0.00496656 4 1 0
0.00431836 0.315565 0.00498891 4 1 0
0.00432044 0.315123 0.00501129 4 1 0
0.00432251 0.314681 0.00503381 4 1 0
0.00432458 0.31424 0.00505642 4 1 0
0.00432665 0.313795 0.0050791 4 1 0
0.00432872 0.313356 0.00510188 4 1 0
0.00433079 0.312917 0.00512474 4 1 0
0.00433286 0.312474 0.00514771 4 1 0
0.00433493 0.312037 0.00517074 4 1 0
0.00433699 0.311599 0.00519386 4 1 0
0.00433906 0.311157 0.00521711 4 1 0
0.00434112 0.310719 0.00524041 4 1 0
0.00434318 0.310284 0.00526378 4 1 0
0.00434524 0.309848 0.00528732 4 1 0
0.0043473 0.309411 0.00531087 4 1 0
0.00434936 0.308973 0.00533451 4 1 0
0.00435142 0.308542 0.00535812 4 1 0
0.00435348 0.308106 0.00538187 4 1 0
0.00435553 0.30767 0.0054057 4 1 0
0.00435759 0.307239 0.00542955 4 1 0
0.00435964 0.306805 0.00545356 4 1 0
0.00436169 0.306371 0.00547765 4 1 0
0.00436374 0.30594 0.0055018 4 1 0
0.00436579 0.305507 0.00552607 4 1 0
0.00436784 0.305075 0.00555043 4 1 0
0.00436989 0.304644 0.00557487 4 1 0
0.00437193 0.304213 0.00559941 4 1 0
0.00437398 0.303782 0.00562404 4 1 0
0.00437602 0.303352 0.00564877 4 1 0
0.00437806 0.302922 0.00567358 4 1 0
0.0043801 0.302493 0.00569848 4 1 0
0.00438214 0.302061 0.0057235 4 1 0
0.00438418 0.301634 0.00574858 4 1 0
0.00438621 0.301207 0.00577376 4 1 0
0.00438825 0.300777 0.00579909 4 1 0
0.00439028 0.300348 0.00582444 4 1 0
0.00439231 0.299921 0.00584989 4 1 0
0.00439434 0.299499 0.00587544 4 1 0
0.00439637 0.299073 0.00590099 4 1 0
0.0043984 0.298646 0.00592664 4 1 0
0.00440043 0.298225 0.0059523 4 1 0
0.00440245 0.297801 0.00597813 4 1 0
0.00440448 0.297376 0.00600405 4 1 0
0.0044065 0.296953 0.00603001 4 1 0
0.00440852 0.29653 0.00605612 4 1 0
0.00441054 0.296108 0.00608233 4 1 0
0.00441256 0.295679 0.0061086 4 1 0
0.00441458 0.295259 0.006135 4 1 0
0.00441659 0.29484 0.00616148 4 1 0
0.00441861 0.294417 0.00618807 4 1 0
0.00442062 0.293998 0.00621475 4 1 0
0.00442263 0.293579 0.00624151 4 1 0
0.00442464 0.293158 0.0062684 4 1 0
0.00442665 0.292737 0.00629536 4 1 0
0.00442866 0.292319 0.00632241 4 1 0
0.00443066 0.291904 0.0063496 4 1 0
0.00443266 0.291485 0.00637684 4 1 0
0.00443467 0.291066 0.00640418 4 1 0
0.00443667 0.290653 0.00643166 4 1 0
0.00443867 0.290236 0.0064592 4 1 0
0.00444066 0.289819 0.00648682 4 1 0
0.00444266 0.289406 0.00651441 4 1 0
0.00444465 0.28899 0.00654216 4 1 0
0.00444665 0.288574 0.00656999 4 1 0
0.00444864 0.288162 0.00659789 4 1 0
0.00445063 0.287748 0.00662592 4 1 0
0.00445262 0.287334 0.00665405 4 1 0
0.0044546 0.286922 0.00668224 4 1 0
0.00445659 0.286509 0.00671057 4 1 0
0.00445857 0.286097 0.00673899 4 1 0
0.00446055 0.285685 0.0067675 4 1 0
0.00446254 0.285274 0.00679612 4 1 0
0.00446451 0.284863 0.00682483 4 1 0
0.00446649 0.284451 0.00685365 4 1 0
0.00446847 0.284041 0.00688257 4 1 0
0.00447044 0.283633 0.00691159 4 1 0
0.00447241 0.283221 0.0069407 4 1 0
0.00447438 0.282814 0.00696991 4 1 0
0.00447635 0.282406 0.00699922 4 1 0
0.00447832 0.281995 0.0070287 4 1 0
0.00448028 0.281589 0.00705821 4 1 0
0.00448225 0.281183 0.00708783 4 1 0
0.00448421 0.280773 0.00711767 4 1 0
0.00448617 0.280367 0.00714749 4 1 0
0.00448813 0.279963 0.00717742 4 1 0
0.00449008 0.279559 0.00720725 4 1 0
0.00449204 0.279153 0.00723729 4 1 0
0.00449399 0.278747 0.00726744 4 1 0
0.00449594 0.278348 0.00729761 4 1 0
0.00449789 0.277944 0.00732796 4 1 0
0.00449984 0.27754 0.00735842 4 1 0
0.00450179 0.277139 0.00738895 4 1 0
0.00450373 0.276736 0.00741961 4 1 0
0.00450567 0.276334 0.00745038 4 1 0
0.00450761 0.275932 0.00748126 4 1 0
0.00450955 0.27553 0.00751224 4 1 0
0.00451149 0.275128 0.00754333 4 1 0
0.00451343 0.274731 0.00757453 4 1 0
0.00451536 0.274331 0.00760583 4 1 0
0.00451729 0.273932 0.00763722 4 1 0
0.00451922 0.273533 0.00766878 4 1 0
0.00452115 0.273135 0.00770039 4 1 0
0.00452307 0.272737 0.0077321 4 1 0
0.004525 0.272338 0.00776401 4 1 0
0.00452692 0.271941 0.00779594 4 1 0
0.00452884 0.271545 0.0078279 4 1 0
0.00453076 0.271144 0.00785987 4 1 0
0.00453268 0.270748 0.00789203 4 1 0
0.00453459 0.270354 0.00792429 4 1 0
0.0045365 0.26996 0.0079566 4 1 0
0.00453841 0.269564 0.00798908 4 1 0
0.00454032 0.269169 0.00802167 4 1 0
0.00454223 0.268779 0.00805432 4 1 0
0.00454413 0.268385 0.00808713 4 1 0
0.00454604 0.267991 0.00812003 4 1 0
0.00454794 0.2676 0.00815305 4 1 0
0.00454984 0.267208 0.00818618 4 1 0
0.00455173 0.266816 0.00821942 4 1 0
0.00455363 0.266422 0.0082528 4 1 0
0.00455552 0.266032 0.00828625 4 1 0
0.00455741 0.265642 0.00831982 4 1 0
0.0045593 0.26525 0.00835355 4 1 0
0.00456119 0.264859 0.00838733 4 1 0
0.00456307 0.264469 0.00842123 4 1 0
0.00456495 0.264084 0.0084553 4 1 0
0.00456683 0.263695 0.00848942 4 1 0
0.00456871 0.263306 0.00852364 4 1 0
0.00457059 0.262921 0.00855779 4 1 0
0.00457246 0.262534 0.00859215 4 1 0
0.00457433 0.262147 0.00862662 4 1 0
0.0045762 0.261761 0.00866115 4 1 0
0.00457807 0.261375 0.00869584 4 1 0
0.00457994 0.260989 0.00873064 4 1 0
0.0045818 0.260604 0.00876552 4 1 0
0.00458366 0.260219 0.00880055 4 1 0
0.00458552 0.259835 0.00883569 4 1 0
0.00458738 0.25945 0.00887094 4 1 0
0.00458923 0.259067 0.0089063 4 1 0
0.00459109 0.258684 0.00894178 4 1 0
0.00459294 0.258299 0.00897738 4 1 0
0.00459479 0.257918 0.00901309 4 1 0
0.00459663 0.257536 0.00904891 4 1 0
0.00459848 0.257151 0.00908487 4 1 0
0.00460032 0.256772 0.00912092 4 1 0
0.00460216 0.256392 0.00915708 4 1 0
0.00460399 0.256011 0.00919341 4 1 0
0.00460583 0.25563 0.00922981 4 1 0
0.00460766 0.255251 0.00926631 4 1 0
0.00460949 0.254874 0.00930302 4 1 0
0.00461132 0.254494 0.00933966 4 1 0
0.00461315 0.254115 0.00937642 4 1 0
0.00461497 0.25374 0.00941322 4 1 0
0.00461679 0.253362 0.00945021 4 1 0
0.00461861 0.252984 0.00948731 4 1 0
0.00462043 0.252609 0.00952447 4 1 0
0.00462224 0.252233 0.00956181 4 1 0
0.00462405 0.251856 0.00959927 4 1 0
0.00462586 0.251483 0.00963683 4 1 0
0.00462767 0.251108 0.00967452 4 1 0
0.00462947 0.250733 0.00971233 4 1 0
0.00463128 0.250359 0.00975026 4 1 0
0.00463308 0.249986 0.00978831 4 1 0
0.00463487 0.249612 0.00982647 4 1 0
0.00463667 0.249236 0.00986477 4 1 0
0.00463846 0.248865 0.00990317 4 1 0
0.00464025 0.248493 0.00994169 4 1 0
0.00464204 0.248121 0.00998038 4 1 0
0.00464382 0.247748 0.0100191 4 1 0
0.00464561 0.247376 0.010058 4 1 0
0.00464739 0.24701 0.0100971 4 1 0
0.00464917 0.246639 0.0101362 4 1 0
0.00465094 0.246269 0.0101754 4 1 0
0.00465271 0.245901 0.0102146 4 1 0
0.00465449 0.245532 0.010254 4 1 0
0.00465625 0.245163 0.0102935 4 1 0
0.00465802 0.244793 0.010333 4 1 0
0.00465978 0.244426 0.0103728 4 1 0
0.00466154 0.244059 0.0104126 4 1 0
0.0046633 0.243692 0.0104526 4 1 0
0.00466506 0.243326 0.0104927 4 1 0
0.00466681 0.24296 0.010533 4 1 0
0.00466856 0.242592 0.0105733 4 1 0
0.00467031 0.242228 0.0106138 4 1 0
0.00467205 0.241863 0.0106544 4 1 0
0.00467379 0.241495 0.0106951 4 1 0
0.00467553 0.241132 0.0107359 4 1 0
0.00467727 0.24077 0.0107769 4 1 0
0.00467901 0.240405 0.010818 4 1 0
0.00468074 0.240041 0.0108592 4 1 0
0.00468247 0.23968 0.0109006 4 1 0
0.00468419 0.23932 0.0109421 4 1 0
0.00468592 0.238958 0.0109837 4 1 0
0.00468764 0.238596 0.0110254 4 1 0
0.00468936 0.238236 0.0110672 4 1 0
0.00469107 0.237875 0.0111092 4 1 0
0.00469279 0.237514 0.0111512 4 1 0
0.0046945 0.237156 0.0111932 4 1 0
0.00469621 0.236796 0.0112355 4 1 0
0.00469791 0.236436 0.0112778 4 1 0
0.00469961 0.236079 0.0113202 4 1 0
0.00470131 0.23572 0.0113628 4 1 0
0.00470301 0.235362 0.0114055 4 1 0
0.0047047 0.235005 0.0114484 4 1 0
0.0047064 0.234648 0.0114914 4 1 0
0.00470808 0.234291 0.0115345 4 1 0
0.00470977 0.233935 0.0115777 4 1 0
0.00471145 0.233579 0.0116211 4 1 0
0.00471313 0.233224 0.0116646 4 1 0
0.00471481 0.232867 0.0117082 4 1 0
0.00471649 0.232513 0.0117519 4 1 0
0.00471816 0.232159 0.0117958 4 1 0
0.00471983 0.231803 0.0118398 4 1 0
0.00472149 0.231448 0.011884 4 1 0
0.00472315 0.231095 0.0119282 4 1 0
0.00472481 0.230743 0.0119726 4 1 0
0.00472647 0.230392 0.0120172 4 1 0
0.00472813 0.23004 0.0120618 4 1 0
0.00472978 0.229686 0.0121066 4 1 0
0.00473143 0.229335 0.0121516 4 1 0
0.00473307 0.228985 0.0121965 4 1 0
0.00473471 0.228636 0.0122415 4 1 0
0.00473635 0.228285 0.0122867 4 1 0
0.00473799 0.227935 0.012332 4 1 0
0.00473962 0.227587 0.0123774 4 1 0
0.00474125 0.227238 0.012423 4 1 0
0.00474288 0.226889 0.0124687 4 1 0
0.00474451 0.226542 0.0125145 4 1 0
0.00474613 0.226194 0.0125605 4 1 0
0.00474775 0.225846 0.0126066 4 1 0
0.00474936 0.225499 0.0126528 4 1 0
0.00475098 0.225153 0.0126992 4 1 0
0.00475258 0.224807 0.0127457 4 1 0
0.00475419 0.224459 0.0127923 4 1 0
0.00475579 0.224114 0.0128391 4 1 0
0.00475739 0.22377 0.012886 4 1 0
0.00475899 0.223424 0.012933 4 1 0
0.00476059 0.223079 0.0129802 4 1 0
0.00476218 0.222734 0.0130275 4 1 0
0.00476376 0.222394 0.0130749 4 1 0
0.00476535 0.22205 0.0131224 4 1 0
0.00476693 0.221707 0.0131701 4 1 0
0.00476851 0.221365 0.013218 4 1 0
0.00477008 0.221023 0.0132659 4 1 0
0.00477166 0.220682 0.013314 4 1 0
0.00477323 0.220336 0.0133623 4 1 0
0.00477479 0.219996 0.0134106 4 1 0
0.00477635 0.219657 0.013459 4 1 0
0.00477791 0.219318 0.0135074 4 1 0
0.00477947 0.218978 0.0135561 4 1 0
0.00478102 0.218638 0.0136049 4 1 0
0.00478257 0.2183 0.0136538 4 1 0
0.00478412 0.217961 0.0137028 4 1 0
0.00478566 0.217623 0.013752 4 1 0
0.0047872 0.217285 0.0138014 4 1 0
0.00478874 0.216948 0.0138508 4 1 0
0.00479027 0.216611 0.0139004 4 1 0
0.0047918 0.216273 0.0139502 4 1 0
0.00479333 0.215937 0.0140001 4 1 0
0.00479485 0.215601 0.0140501 4 1 0
0.00479637 0.215264 0.0141002 4 1 0
0.00479788 0.214929 0.0141505 4 1 0
0.0047994 0.214595 0.014201 4 1 0
0.00480091 0.214258 0.0142515 4 1 0
0.00480241 0.213924 0.0143022 4 1 0
0.00480392 0.213591 0.0143531 4 1 0
0.00480542 0.213257 0.0144041 4 1 0
0.00480691 0.212924 0.0144552 4 1 0
0.0048084 0.21259 0.0145064 4 1 0
0.00480989 0.212261 0.014558 4 1 0
0.00481138 0.211929 0.0146095 4 1 0
0.00481286 0.211597 0.0146612 4 1 0
0.00481434 0.211267 0.014713 4 1 0
0.00481581 0.210936 0.0147648 4 1 0
0.00481729 0.210606 0.0148168 4 1 0
0.00481875 0.210273 0.0148689 4 1 0
0.00482022 0.209944 0.0149211 4 1 0
0.00482168 0.209615 0.0149735 4 1 0
0.00482314 0.209285 0.0150261 4 1 0
0.00482459 0.208956 0.0150788 4 1 0
0.00482604 0.208627 0.0151316 4 1 0
0.00482749 0.208303 0.0151845 4 1 0
0.00482893 0.207975 0.0152376 4 1 0
0.00483037 0.207647 0.0152909 4 1 0
0.00483181 0.207321 0.0153443 4 1 0
0.00483324 0.206995 0.0153978 4 1 0
0.00483467 0.206669 0.0154515 4 1 0
0.00483609 0.206342 0.0155053 4 1 0
0.00483752 0.206017 0.0155593 4 1 0
0.00483893 0.205692 0.0156134 4 1 0
0.00484035 0.205366 0.0156677 4 1 0
0.00484176 0.205042 0.0157221 4 1 0
0.00484316 0.204719 0.0157766 4 1 0
0.00484457 0.204395 0.0158313 4 1 0
0.00484597 0.204071 0.0158861 4 1 0
0.00484736 0.203748 0.0159411 4 1 0
0.00484875 0.203428 0.0159962 4 1 0
0.00485014 0.203106 0.0160515 4 1 0
0.00485153 0.202784 0.0161069 4 1 0
0.00485291 0.202464 0.0161624 4 1 0
0.00485428 0.202143 0.016218 4 1 0
0.00485565 0.201822 0.0162737 4 1 0
0.00485702 0.2015 0.0163295 4 1 0
0.00485839 0.201181 0.0163855 4 1 0
0.00485975 0.200862 0.0164417 4 1 0
0.00486111 0.200542 0.016498 4 1 0
0.00486246 0.200223 0.0165544 4 1 0
0.00486381 0.199904 0.016611 4 1 0
0.00486516 0.199588 0.0166677 4 1 0
0.0048665 0.199271 0.0167246 4 1 0
0.00486784 0.198953 0.0167817 4 1 0
0.00486917 0.198636 0.0168389 4 1 0
0.0048705 0.19832 0.0168962 4 1 0
0.00487182 0.198004 0.0169537 4 1 0
0.00487315 0.197687 0.0170113 4 1 0
0.00487446 0.197372 0.0170691 4 1 0
0.00487578 0.197057 0.017127 4 1 0
0.00487709 0.19674 0.0171851 4 1 0
0.00487839 0.196426 0.0172433 4 1 0
0.0048797 0.196113 0.0173017 4 1 0
0.00488099 0.195799 0.0173602 4 1 0
0.00488229 0.195486 0.0174189 4 1 0
0.00488358 0.195173 0.0174777 4 1 0
0.00488486 0.19486 0.0175366 4 1 0
0.00488614 0.194548 0.0175957 4 1 0
0.00488742 0.194237 0.017655 4 1 0
0.00488869 0.193924 0.0177144 4 1 0
0.00488996 0.193613 0.0177739 4 1 0
0.00489123 0.193303 0.0178335 4 1 0
0.00489249 0.192991 0.0178933 4 1 0
0.00489375 0.192681 0.0179532 4 1 0
0.004895 0.192372 0.0180132 4 1 0
0.00489625 0.192061 0.0180734 4 1 0
0.00489749 0.191751 0.0181337 4 1 0
0.00489873 0.191443 0.0181942 4 1 0
0.00489996 0.191137 0.0182548 4 1 0
0.00490119 0.190828 0.0183155 4 1 0
0.00490242 0.19052 0.0183765 4 1 0
0.00490364 0.190213 0.0184376 4 1 0
0.00490486 0.189907 0.0184988 4 1 0
0.00490608 0.1896 0.0185602 4 1 0
0.00490728 0.189292 0.0186218 4 1 0
0.00490849 0.188987 0.0186835 4 1 0
0.00490969 0.188682 0.0187453 4 1 0
0.00491089 0.188375 0.0188073 4 1 0
0.00491208 0.18807 0.0188695 4 1 0
0.00491327 0.187766 0.0189318 4 1 0
0.00491445 0.187464 0.0189943 4 1 0
0.00491563 0.18716 0.019057 4 1 0
0.0049168 0.186856 0.0191197 4 1 0
0.00491797 0.186553 0.0191827 4 1 0
0.00491914 0.18625 0.0192458 4 1 0
0.0049203 0.185948 0.019309 4 1 0
0.00492145 0.185645 0.0193724 4 1 0
0.0049226 0.185344 0.0194359 4 1 0
0.00492375 0.185043 0.0194996 4 1 0
0.00492489 0.18474 0.0195635 4 1 0
0.00492603 0.18444 0.0196274 4 1 0
0.00492717 0.18414 0.0196914 4 1 0
0.00492829 0.183839 0.0197555 4 1 0
0.00492942 0.183539 0.0198199 4 1 0
0.00493054 0.183239 0.0198844 4 1 0
0.00493165 0.182942 0.019949 4 1 0
0.00493276 0.182644 0.0200138 4 1 0
0.00493387 0.182345 0.0200788 4 1 0
0.00493497 0.182048 0.020144 4 1 0
0.00493606 0.18175 0.0202093 4 1 0
0.00493715 0.181453 0.0202747 4 1 0
0.00493824 0.181156 0.0203404 4 1 0
0.00493932 0.18086 0.0204061 4 1 0
0.0049404 0.180564 0.0204721 4 1 0
0.00494147 0.180267 0.0205382 4 1 0
0.00494254 0.179972 0.0206044 4 1 0
0.0049436 0.179677 0.0206709 4 1 0
0.00494466 0.179381 0.0207374 4 1 0
0.00494571 0.179087 0.0208042 4 1 0
0.00494676 0.178793 0.020871 4 1 0
0.0049478 0.178498 0.020938 4 1 0
0.00494884 0.178205 0.0210053 4 1 0
0.00494987 0.177912 0.0210726 4 1 0
0.0049509 0.177619 0.0211402 4 1 0
0.00495192 0.177326 0.0212079 4 1 0
0.00495294 0.177033 0.0212758 4 1 0
0.00495395 0.176742 0.0213436 4 1 0
0.00495496 0.17645 0.0214116 4 1 0
0.00495596 0.176159 0.0214798 4 1 0
0.00495696 0.175868 0.0215481 4 1 0
0.00495796 0.175578 0.0216166 4 1 0
0.00495894 0.175288 0.0216853 4 1 0
0.00495993 0.175 0.0217541 4 1 0
0.0049609 0.17471 0.0218232 4 1 0
0.00496187 0.174421 0.0218923 4 1 0
0.00496284 0.174133 0.0219617 4 1 0
0.0049638 0.173845 0.0220312 4 1 0
0.00496476 0.173557 0.0221008 4 1 0
0.00496571 0.173269 0.0221706 4 1 0
0.00496666 0.172982 0.0222406 4 1 0
0.0049676 0.172695 0.0223108 4 1 0
0.00496853 0.172408 0.0223811 4 1 0
0.00496946 0.172121 0.0224515 4 1 0
0.00497039 0.171836 0.0225222 4 1 0
0.00497131 0.171549 0.0225929 4 1 0
0.00497222 0.171264 0.0226638 4 1 0
0.00497313 0.170979 0.022735 4 1 0
0.00497403 0.170692 0.0228063 4 1 0
0.00497493 0.170408 0.0228778 4 1 0
0.00497582 0.170125 0.0229494 4 1 0
0.00497671 0.169842 0.0230213 4 1 0
0.00497759 0.169559 0.0230932 4 1 0
0.00497847 0.169276 0.0231653 4 1 0
0.00497934 0.168994 0.0232374 4 1 0
0.0049802 0.168711 0.0233097 4 1 0
0.00498106 0.168429 0.0233822 4 1 0
0.00498192 0.168147 0.0234548 4 1 0
0.00498276 0.167866 0.0235276 4 1 0
0.00498361 0.167585 0.0236006 4 1 0
0.00498444 0.167304 0.0236738 4 1 0
0.00498527 0.167024 0.0237471 4 1 0
0.0049861 0.166744 0.0238205 4 1 0
0.00498692 0.166464 0.0238942 4 1 0
0.00498773 0.166185 0.023968 4 1 0
0.00498854 0.165906 0.0240419 4 1 0
0.00498934 0.165626 0.0241161 4 1 0
0.00499014 0.165348 0.0241904 4 1 0
0.00499093 0.16507 0.0242649 4 1 0
0.00499171 0.16479 0.0243395 4 1 0
0.00499249 0.164513 0.0244143 4 1 0
0.00499327 0.164237 0.0244893 4 1 0
0.00499403 0.163961 0.0245645 4 1 0
0.00499479 0.163684 0.0246398 4 1 0
0.00499555 0.163408 0.0247153 4 1 0
0.0049963 0.163133 0.0247911 4 1 0
0.00499704 0.162857 0.0248669 4 1 0
0.00499778 0.162582 0.0249429 4 1 0
0.00499851 0.162307 0.025019 4 1 0
0.00499923 0.162033 0.0250954 4 1 0
0.00499995 0.161759 0.0251718 4 1 0
0.00500066 0.161485 0.0252484 4 1 0
0.00500137 0.161211 0.0253251 4 1 0
0.00500207 0.160938 0.0254019 4 1 0
0.00500276 0.160665 0.025479 4 1 0
0.00500345 0.160392 0.0255563 4 1 0
0.00500413 0.16012 0.0256336 4 1 0
0.0050048 0.159848 0.0257113 4 1 0
0.00500547 0.159577 0.025789 4 1 0
0.00500613 0.159306 0.0258669 4 1 0
0.00500679 0.159033 0.025945 4 1 0
0.00500744 0.158763 0.0260232 4 1 0
0.00500808 0.158493 0.0261016 4 1 0
0.00500872 0.158222 0.0261802 4 1 0
0.00500935 0.157952 0.026259 4 1 0
0.00500997 0.157683 0.0263379 4 1 0
0.00501059 0.157414 0.026417 4 1 0
0.0050112 0.157145 0.0264963 4 1 0
0.0050118 0.156877 0.0265757 4 1 0
0.0050124 0.15661 0.0266554 4 1 0
0.00501298 0.156341 0.0267352 4 1 0
0.00501357 0.156074 0.0268151 4 1 0
0.00501414 0.155808 0.0268953 4 1 0
0.00501471 0.155541 0.0269756 4 1 0
0.00501528 0.155274 0.0270561 4 1 0
0.00501583 0.155009 0.0271368 4 1 0
0.00501638 0.154743 0.0272176 4 1 0
0.00501692 0.154477 0.0272987 4 1 0
0.00501746 0.154212 0.0273798 4 1 0
0.00501798 0.153947 0.0274612 4 1 0
0.0050185 0.153683 0.0275427 4 1 0
0.00501902 0.153418 0.0276243 4 1 0
0.00501953 0.153154 0.027706 4 1 0
0.00502002 0.152891 0.027788 4 1 0
0.00502052 0.152627 0.0278701 4 1 0
0.005021 0.152364 0.0279524 4 1 0
0.00502148 0.152102 0.0280349 4 1 0
0.00502195 0.151838 0.0281175 4 1 0
0.00502241 0.151576 0.0282004 4 1 0
0.00502287 0.151315 0.0282833 4 1 0
0.00502332 0.151052 0.0283665 4 1 0
0.00502376 0.150791 0.0284499 4 1 0
0.00502419 0.150531 0.0285334 4 1 0
0.00502462 0.150271 0.0286171 4 1 0
0.00502504 0.15001 0.028701 4 1 0
0.00502545 0.14975 0.0287851 4 1 0
0.00502585 0.149492 0.0288693 4 1 0
0.00502625 0.149232 0.0289537 4 1 0
0.00502664 0.148973 0.0290383 4 1 0
0.00502702 0.148715 0.0291231 4 1 0
0.00502739 0.148457 0.0292081 4 1 0
0.00502775 0.148198 0.0292932 4 1 0
0.00502811 0.14794 0.0293786 4 1 0
0.00502846 0.147683 0.0294641 4 1 0
0.0050288 0.147426 0.0295498 4 1 0
0.00502914 0.147168 0.0296357 4 1 0
0.00502946 0.146912 0.0297217 4 1 0
0.00502978 0.146656 0.0298079 4 1 0
0.00503009 0.1464 0.0298942 4 1 0
0.00503039 0.146145 0.0299806 4 1 0
0.00503068 0.145889 0.0300672 4 1 0
0.00503096 0.145635 0.0301541 4 1 0
0.00503124 0.14538 0.0302411 4 1 0
0.00503151 0.145125 0.0303282 4 1 0
0.00503177 0.144872 0.0304157 4 1 0
0.00503202 0.144618 0.0305032 4 1 0
0.00503226 0.144364 0.0305909 4 1 0
0.0050325 0.144112 0.0306788 4 1 0
0.00503272 0.143859 0.0307668 4 1 0
0.00503294 0.143607 0.0308551 4 1 0
0.00503315 0.143355 0.0309435 4 1 0
0.00503335 0.143103 0.0310321 4 1 0
0.00503354 0.142851 0.0311209 4 1 0
0.00503372 0.142599 0.0312099 4 1 0
0.00503389 0.142348 0.0312991 4 1 0
0.00503406 0.142097 0.0313884 4 1 0
0.00503421 0.141847 0.0314779 4 1 0
0.00503436 0.141597 0.0315676 4 1 0
0.00503449 0.141347 0.0316575 4 1 0
0.00503462 0.141098 0.0317476 4 1 0
0.00503474 0.140849 0.0318379 4 1 0
0.00503485 0.1406 0.0319283 4 1 0
0.00503495 0.140351 0.0320189 4 1 0
0.00503504 0.140103 0.0321098 4 1 0
0.00503512 0.139855 0.0322008 4 1 0
0.00503519 0.139608 0.032292 4 1 0
0.00503526 0.13936 0.0323834 4 1 0
0.00503531 0.139113 0.0324749 4 1 0
0.00503535 0.138866 0.0325665 4 1 0
0.00503539 0.13862 0.0326585 4 1 0
0.00503541 0.138374 0.0327506 4 1 0
0.00503542 0.138128 0.0328429 4 1 0
0.00503543 0.137914 0.0329236 4 1 0
0.00503542 0.137668 0.0330162 4 1 0
0.00503541 0.137423 0.033109 4 1 0
0.00503538 0.137178 0.0332018 4 1 0
0.00503535 0.136934 0.0332949 4 1 0
0.0050353 0.13669 0.0333882 4 1 0
0.00503525 0.136446 0.0334817 4 1 0
0.00503518 0.136202 0.0335753 4 1 0
0.0050351 0.135959 0.0336692 4 1 0
0.00503502 0.135716 0.0337632 4 1 0
0.00503492 0.135473 0.0338573 4 1 0
0.00503481 0.135231 0.0339518 4 1 0
0.00503469 0.134989 0.0340464 4 1 0
0.00503456 0.134747 0.0341411 4 1 0
0.00503442 0.134505 0.0342363 4 1 0
0.00503427 0.134264 0.0343314 4 1 0
0.00503411 0.134023 0.0344267 4 1 0
0.00503393 0.133782 0.0345221 4 1 0
0.00503375 0.133542 0.0346178 4 1 0
0.00503355 0.133302 0.0347137 4 1 0
0.00503334 0.133062 0.0348098 4 1 0
0.00503312 0.132823 0.0349061 4 1 0
0.00503289 0.132584 0.0350025 4 1 0
0.00503265 0.132344 0.0350991 4 1 0
0.0050324 0.132106 0.035196 4 1 0
0.00503213 0.131867 0.035293 4 1 0
0.00503185 0.131629 0.0353902 4 1 0
0.00503156 0.131391 0.0354876 4 1 0
0.00503126 0.131154 0.0355853 4 1 0
0.00503095 0.130916 0.0356831 4 1 0
0.00503062 0.13068 0.0357812 4 1 0
0.00503028 0.130443 0.0358794 4 1 0
0.00502993 0.130207 0.0359779 4 1 0
0.00502957 0.12997 0.0360765 4 1 0
0.00502919 0.129735 0.0361752 4 1 0
0.0050288 0.1295 0.0362739 4 1 0
0.0050284 0.129265 0.036373 4 1 0
0.00502799 0.12903 0.0364722 4 1 0
0.00502756 0.128796 0.0365717 4 1 0
0.00502712 0.128561 0.0366714 4 1 0
0.00502667 0.128327 0.0367712 4 1 0
0.0050262 0.128094 0.0368713 4 1 0
0.00502572 0.12786 0.0369715 4 1 0
0.00502522 0.127627 0.0370719 4 1 0
0.00502472 0.127393 0.0371726 4 1 0
0.00502419 0.127161 0.0372734 4 1 0
0.00502366 0.126929 0.0373744 4 1 0
0.00502311 0.126696 0.0374756 4 1 0
0.00502254 0.126464 0.037577 4 1 0
0.00502197 0.126233 0.0376786 4 1 0
0.00502137 0.126002 0.0377805 4 1 0
0.00502077 0.125771 0.0378826 4 1 0
0.00502014 0.12554 0.0379848 4 1 0
0.00501951 0.12531 0.0380874 4 1 0
0.00501886 0.12508 0.03819 4 1 0
0.00501819 0.12485 0.0382928 4 1 0
0.00501751 0.124621 0.0383957 4 1 0
0.00501681 0.124392 0.0384988 4 1 0
0.0050161 0.124163 0.0386021 4 1 0
0.00501537 0.123934 0.0387057 4 1 0
0.00501463 0.123706 0.0388093 4 1 0
0.00501387 0.123478 0.0389132 4 1 0
0.00501309 0.12325 0.0390173 4 1 0
0.0050123 0.123022 0.0391216 4 1 0
0.00501149 0.122795 0.0392262 4 1 0
0.00501067 0.122567 0.0393309 4 1 0
0.00500983 0.122341 0.0394358 4 1 0
0.00500897 0.122114 0.039541 4 1 0
0.00500809 0.121887 0.0396463 4 1 0
0.0050072 0.121661 0.0397518 4 1 0
0.00500629 0.121436 0.0398576 4 1 0
0.00500536 0.121211 0.0399636 4 1 0
0.00500442 0.120986 0.0400698 4 1 0
0.00500346 0.120761 0.0401762 4 1 0
0.00500248 0.120537 0.0402829 4 1 0
0.00500148 0.120312 0.0403897 4 1 0
0.00500046 0.120088 0.0404965 4 1 0
0.00499942 0.119864 0.0406034 4 1 0
0.00499837 0.119641 0.0407107 4 1 0
0.0049973 0.119417 0.0408182 4 1 0
0.0049962 0.119195 0.0409259 4 1 0
0.00499509 0.118972 0.0410338 4 1 0
0.00499396 0.118749 0.041142 4 1 0
0.00499281 0.118527 0.0412503 4 1 0
0.00499164 0.118305 0.0413589 4 1 0
0.00499045 0.118084 0.0414677 4 1 0
0.00498924 0.117862 0.0415766 4 1 0
0.004988 0.117641 0.0416858 4 1 0
0.00498675 0.11742 0.0417951 4 1 0
0.00498548 0.1172 0.0419048 4 1 0
0.00498418 0.116979 0.0420146 4 1 0
0.00498286 0.116759 0.0421246 4 1 0
0.00498153 0.116539 0.0422351 4 1 0
0.00498016 0.11632 0.0423454 4 1 0
0.00497878 0.116101 0.042456 4 1 0
0.00497738 0.115882 0.0425666 4 1 0
0.00497595 0.115663 0.0426776 4 1 0
0.0049745 0.115445 0.0427888 4 1 0
0.00497302 0.115227 0.0429002 4 1 0
0.00497152 0.115009 0.0430118 4 1 0
0.00497 0.114791 0.0431237 4 1 0
0.00496846 0.114574 0.0432357 4 1 0
0.00496688 0.114356 0.043348 4 1 0
0.00496529 0.11414 0.0434605 4 1 0
0.00496367 0.113923 0.0435732 4 1 0
0.00496202 0.113706 0.0436861 4 1 0
0.00496035 0.11349 0.0437993 4 1 0
0.00495865 0.113274 0.0439127 4 1 0
0.00495693 0.113059 0.0440263 4 1 0
0.00495518 0.112843 0.0441401 4 1 0
0.0049534 0.112628 0.0442542 4 1 0
0.0049516 0.112413 0.0443683 4 1 0
0.00494977 0.112199 0.0444826 4 1 0
0.00494791 0.111985 0.044597 4 1 0
0.00494602 0.11177 0.0447118 4 1 0
0.0049441 0.111557 0.0448268 4 1 0
0.00494215 0.111343 0.0449421 4 1 0
0.00494018 0.11113 0.0450575 4 1 0
0.00493817 0.110917 0.0451732 4 1 0
0.00493614 0.110704 0.0452891 4 1 0
0.00493407 0.110492 0.0454053 4 1 0
0.00493197 0.110279 0.0455217 4 1 0
0.00492984 0.110067 0.0456381 4 1 0
0.00492768 0.109855 0.0457549 4 1 0
0.00492549 0.109644 0.0458719 4 1 0
0.00492326 0.109432 0.0459895 4 1 0
0.004921 0.109221 0.0461068 4 1 0
0.00491871 0.109011 0.0462244 4 1 0
0.00491638 0.1088 0.046342 4 1 0
0.00491402 0.10859 0.0464601 4 1 0
0.00491162 0.10838 0.0465784 4 1 0
0.00490919 0.10817 0.046697 4 1 0
0.00490672 0.10796 0.0468158 4 1 0
0.00490421 0.107751 0.0469348 4 1 0
0.00490167 0.107542 0.047054 4 1 0
0.00489908 0.107333 0.0471735 4 1 0
0.00489646 0.107124 0.0472932 4 1 0
0.0048938 0.106916 0.0474131 4 1 0
0.00489111 0.106708 0.0475333 4 1 0
0.00488837 0.1065 0.0476536 4 1 0
0.00488559 0.106293 0.0477739 4 1 0
0.00488276 0.106085 0.0478947 4 1 0
0.0048799 0.105878 0.0480156 4 1 0
0.00487699 0.105671 0.0481368 4 1 0
0.00487404 0.105464 0.0482583 4 1 0
0.00487105 0.105258 0.04838 4 1 0
0.00486801 0.105051 0.0485021 4 1 0
0.00486492 0.104845 0.0486243 4 1 0
0.00486179 0.10464 0.0487467 4 1 0
0.00485861 0.104435 0.0488695 4 1 0
0.00485538 0.104229 0.0489923 4 1 0
0.00485211 0.104024 0.0491153 4 1 0
0.00484878 0.103819 0.0492387 4 1 0
0.0048454 0.103615 0.0493622 4 1 0
0.00484198 0.10341 0.049486 4 1 0
0.0048385 0.103206 0.0496098 4 1 0
0.00483497 0.103002 0.0497341 4 1 0
0.00483138 0.102798 0.0498586 4 1 0
0.00482774 0.102595 0.0499835 4 1 0
0.00482404 0.102392 0.0501085 4 1 0
0.00482028 0.102189 0.0502338 4 1 0
0.00481647 0.101986 0.0503594 4 1 0
0.0048126 0.101784 0.0504851 4 1 0
0.00480867 0.101582 0.050611 4 1 0
0.00480467 0.101379 0.0507371 4 1 0
0.00480062 0.101177 0.0508635 4 1 0
0.0047965 0.100975 0.0509902 4 1 0
0.00479232 0.100775 0.0511171 4 1 0
0.00478807 0.100573 0.0512443 4 1 0
0.00478375 0.100372 0.0513717 4 1 0
0.00477936 0.100172 0.0514994 4 1 0
0.00477491 0.0999711 0.0516274 4 1 0
0.00477038 0.0997707 0.0517556 4 1 0
0.00476578 0.0995702 0.0518843 4 1 0
0.00476111 0.0993702 0.052013 4 1 0
0.00475636 0.0991705 0.052142 4 1 0
0.00475153 0.0989713 0.0522711 4 1 0
0.00474662 0.098772 0.0524005 4 1 0
0.00474164 0.0985729 0.0525302 4 1 0
0.00473657 0.0983743 0.0526602 4 1 0
0.00473142 0.0981757 0.0527904 4 1 0
0.00472618 0.0979772 0.0529208 4 1 0
0.00472085 0.0977785 0.0530515 4 1 0
0.00471544 0.0975804 0.0531826 4 1 0
0.00470994 0.0973825 0.0533139 4 1 0
0.00470434 0.0971848 0.0534456 4 1 0
0.00469864 0.0969874 0.0535774 4 1 0
0.00469285 0.0967902 0.0537096 4 1 0
0.00468696 0.0965936 0.053842 4 1 0
0.00468097 0.0963968 0.0539746 4 1 0
0.00467487 0.0962001 0.0541074 4 1 0
0.00466867 0.0960035 0.0542406 4 1 0
0.00466235 0.0958072 0.054374 4 1 0
0.00465593 0.0956111 0.0545077 4 1 0
0.00464939 0.0954151 0.0546416 4 1 0
0.00464274 0.0952194 0.0547759 4 1 0
0.00463596 0.0950239 0.0549105 4 1 0
0.00462906 0.0948285 0.0550454 4 1 0
0.00462204 0.0946333 0.0551805 4 1 0
0.00461489 0.0944382 0.055316 4 1 0
0.0046076 0.0942433 0.0554518 4 1 0
0.00460018 0.0940486 0.0555878 4 1 0
0.00459262 0.0938542 0.0557242 4 1 0
0.00458492 0.0936604 0.0558608 4 1 0
0.00457707 0.0934663 0.0559976 4 1 0
0.00456907 0.0932724 0.0561347 4 1 0
0.00456092 0.0930781 0.056272 4 1 0
0.00455261 0.0928845 0.0564098 4 1 0
0.00454414 0.0926911 0.0565478 4 1 0
0.0045355 0.0924982 0.0566861 4 1 0
0.00452669 0.0923051 0.0568248 4 1 0
0.0045177 0.0921122 0.0569638 4 1 0
0.00450854 0.0919194 0.0571031 4 1 0
0.00449918 0.0917267 0.0572427 4 1 0
0.00448964 0.0915342 0.0573826 4 1 0
0.0044799 0.0913415 0.0575229 4 1 0
0.00446995 0.0911494 0.0576634 4 1 0
0.0044598 0.0909574 0.0578043 4 1 0
0.00444943 0.0907659 0.0579455 4 1 0
0.00443884 0.0905741 0.058087 4 1 0
0.00442802 0.0903825 0.0582288 4 1 0
0.00441697 0.0901908 0.0583712 4 1 0
0.00440567 0.0899996 0.0585136 4 1 0
0.00439412 0.0898084 0.0586564 4 1 0
0.00438232 0.0896174 0.0587995 4 1 0
0.00437025 0.0894264 0.058943 4 1 0
0.0043579 0.0892356 0.0590868 4 1 0
0.00434528 0.0890449 0.059231 4 1 0
0.00433235 0.0888545 0.0593755 4 1 0
0.00431913 0.0886641 0.0595203 4 1 0
0.00430559 0.0884738 0.0596654 4 1 0
0.00429173 0.0882836 0.0598109 4 1 0
0.00427753 0.0880935 0.0599567 4 1 0
0.00426299 0.0879036 0.0601028 4 1 0
0.00424809 0.0877138 0.0602494 4 1 0
0.00423281 0.0875241 0.0603963 4 1 0
0.00421716 0.0873349 0.0605434 4 1 0
0.0042011 0.0871455 0.060691 4 1 0
0.00418463 0.0869562 0.0608387 4 1 0
0.00416773 0.0867672 0.0609869 4 1 0
0.00415039 0.0865783 0.0611353 4 1 0
0.00413259 0.0863895 0.061284 4 1 0
0.00411431 0.0862007 0.0614331 4 1 0
0.00409553 0.0860123 0.0615824 4 1 0
0.00407624 0.085824 0.0617321 4 1 0
0.00405642 0.0856357 0.061882 4 1 0
0.00403604 0.0854479 0.0620323 4 1 0
0.00401508 0.0852603 0.0621827 4 1 0
0.00399353 0.0850727 0.0623331 4 1 0
0.00397135 0.0848857 0.0624838 4 1 0
0.00394853 0.0846989 0.0626347 4 1 0
0.00392503 0.0845123 0.0627858 4 1 0
0.00390084 0.0843262 0.0629366 4 1 0
0.00387592 0.0841408 0.0630875 4 1 0
0.00385026 0.0839556 0.0632384 4 1 0
0.00382381 0.0837713 0.0633888 4 1 0
0.00379656 0.0835876 0.0635391 4 1 0
0.00376848 0.0834049 0.0636887 4 1 0
0.00373954 0.0832231 0.0638377 4 1 0
0.00370972 0.0830425 0.0639858 4 1 0
0.00367899 0.0828634 0.0641329 4 1 0
0.00364734 0.0826863 0.0642781 4 1 0
0.00361476 0.0825112 0.0644216 4 1 0
0.00358126 0.0823389 0.0645626 4 1 0
0.00354683 0.08217 0.0647004 4 1 0
0.00351154 0.082005 0.0648342 4 1 0
0.00347543 0.0818452 0.0649627 4 1 0
0.00343863 0.0816921 0.0650847 4 1 0
0.0034013 0.081547 0.0651984 4 1 0
0.0033637 0.0814121 0.0653019 4 1 0
0.00332618 0.0812897 0.0653927 4 1 0
0.00328917 0.0811827 0.0654681 4 1 0
0.00325322 0.0810933 0.0655257 4 1 0
0.00321888 0.0810237 0.0655635 4 1 0
0.00318665 0.0809757 0.0655803 4 1 0
0.0031569 0.0809489 0.0655764 4 1 0
0.00312979 0.0809426 0.0655527 4 1 0
0.00310533 0.0809548 0.0655112 4 1 0
0.00308336 0.080984 0.0654542 4 1 0
0.00306369 0.0810275 0.0653838 4 1 0
0.00304606 0.0810833 0.0653021 4 1 0
0.00303024 0.0811495 0.0652109 4 1 0
0.00301599 0.0812249 0.0651118 4 1 0
0.00300313 0.0813078 0.0650059 4 1 0
0.00299146 0.0813972 0.0648942 4 1 0
0.00298085 0.0814921 0.0647783 4 1 0
0.00297116 0.0815918 0.0646576 4 1 0
0.00296227 0.0816961 0.0645343 4 1 0
0.0029541 0.0818038 0.0644074 4 1 0
0.00294655 0.0819145 0.0642783 4 1 0
0.00293957 0.082028 0.0641473 4 1 0
0.00293308 0.0821438 0.0640145 4 1 0
0.00292704 0.0822622 0.0638798 4 1 0
0.0029214 0.0823822 0.0637439 4 1 0
0.00291613 0.0825042 0.0636072 4 1 0
0.00291117 0.0826274 0.0634695 4 1 0
0.00290652 0.0827519 0.0633312 4 1 0
0.00290213 0.0828776 0.0631921 4 1 0
0.00289799 0.0830047 0.0630522 4 1 0
0.00289407 0.0831323 0.062912 4 1 0
0.00289035 0.0832611 0.0627714 4 1 0
0.00288682 0.08339 0.0626306 4 1 0
0.00288347 0.08352 0.0624897 4 1 0
0.00288028 0.0836512 0.0623486 4 1 0
0.00287723 0.0837821 0.0622075 4 1 0
0.00287432 0.0839136 0.0620664 4 1 0
0.00287153 0.0840461 0.0619253 4 1 0
0.00286886 0.084178 0.0617842 4 1 0
0.0028663 0.0843111 0.0616433 4 1 0
0.00286384 0.0844443 0.0615025 4 1 0
0.00286148 0.0845775 0.0613619 4 1 0
0.00285921 0.0847112 0.0612215 4 1 0
0.00285702 0.0848445 0.0610813 4 1 0
0.0028549 0.0849786 0.0609413 4 1 0
0.00285286 0.0851123 0.0608016 4 1 0
0.00285089 0.0852464 0.0606622 4 1 0
0.00284898 0.0853806 0.0605232 4 1 0
0.00284713 0.0855145 0.0603846 4 1 0
0.00284534 0.0856486 0.0602463 4 1 0
0.0028436 0.0857829 0.0601083 4 1 0
0.00284191 0.0859165 0.0599707 4 1 0
0.00284027 0.086051 0.0598336 4 1 0
0.00283868 0.0861846 0.0596967 4 1 0
0.00283713 0.0863185 0.05956 4 1 0
0.00283562 0.0864521 0.0594238 4 1 0
0.00283415 0.0865861 0.0592879 4 1 0
0.00283271 0.0867195 0.0591527 4 1 0
0.00283131 0.0868521 0.0590177 4 1 0
0.00282994 0.0869857 0.0588832 4 1 0
0.0028286 0.0871187 0.0587493 4 1 0
0.0028273 0.0872514 0.0586158 4 1 0
0.00282602 0.087383 0.0584828 4 1 0
0.00282476 0.087516 0.0583503 4 1 0
0.00282354 0.0876477 0.0582183 4 1 0
0.00282233 0.0877788 0.0580869 4 1 0
0.00282115 0.0879102 0.0579561 4 1 0
0.00282 0.0880414 0.0578258 4 1 0
0.00281886 0.0881725 0.0576961 4 1 0
0.00281774 0.0883027 0.0575668 4 1 0
0.00281665 0.088432 0.0574382 4 1 0
0.00281557 0.0885616 0.0573102 4 1 0
0.00281451 0.0886903 0.0571829 4 1 0
0.00281346 0.0888197 0.0570556 4 1 0
0.00281243 0.088948 0.0569288 4 1 0
0.00281142 0.0890755 0.0568029 4 1 0
0.00281042 0.0892018 0.0566774 4 1 0
0.00280943 0.0893291 0.0565526 4 1 0
0.00280846 0.0894552 0.0564285 4 1 0
0.0028075 0.089581 0.0563051 4 1 0
0.00280655 0.0897056 0.0561823 4 1 0
0.00280562 0.0898298 0.0560603 4 1 0
0.00280469 0.0899524 0.0559389 4 1 0
0.00280378 0.0900761 0.0558183 4 1 0
0.00280287 0.0901986 0.0556984 4 1 0
0.00280198 0.0903198 0.0555793 4 1 0
0.00280109 0.0904397 0.0554609 4 1 0
0.00280021 0.0905595 0.0553434 4 1 0
0.00279935 0.090679 0.0552267 4 1 0
0.00279849 0.090797 0.0551109 4 1 0
0.00279763 0.090914 0.0549955 4 1 0
0.00279679 0.0910298 0.0548814 4 1 0
0.00279595 0.0911441 0.0547682 4 1 0
0.00279512 0.0912576 0.0546558 4 1 0
0.00279429 0.0913707 0.0545443 4 1 0
0.00279347 0.0914828 0.0544333 4 1 0
0.00279265 0.091593 0.054323 4 1 0
0.00279184 0.0917019 0.0542142 4 1 0
0.00279104 0.0918088 0.0541066 4 1 0
0.00279024 0.0919144 0.0540001 4 1 0
0.00278944 0.0920192 0.0538948 4 1 0
0.00278865 0.0921227 0.0537907 4 1 0
0.00278787 0.0922237 0.0536883 4 1 0
0.00278708 0.0923235 0.053587 4 1 0
0.0027863 0.0924209 0.0534871 4 1 0
0.00278552 0.0925165 0.0533876 4 1 0
0.00278475 0.0926094 0.0532898 4 1 0
0.00278398 0.0927003 0.0531937 4 1 0
0.00278321 0.0927892 0.0530991 4 1 0
0.00278245 0.0928765 0.0530064 4 1 0
0.00278168 0.0929612 0.0529154 4 1 0
0.00278092 0.0930427 0.0528264 4 1 0
0.00278016 0.0931209 0.0527393 4 1 0
0.00277941 0.0931957 0.0526543 4 1 0
0.00277865 0.0932685 0.0525716 4 1 0
0.0027779 0.0933383 0.0524903 4 1 0
0.00277715 0.0934042 0.0524113 4 1 0
0.0027764 0.0934653 0.0523345 4 1 0
0.00277565 0.0935228 0.0522607 4 1 0
0.0027749 0.0935778 0.0521897 4 1 0
0.00277416 0.0936279 0.0521215 4 1 0
0.00277342 0.0936725 0.0520565 4 1 0
0.00277267 0.0937121 0.0519947 4 1 0
0.00277194 0.093749 0.051936 4 1 0
0.0027712 0.0937795 0.0518811 4 1 0
0.00277046 0.0938041 0.0518296 4 1 0
0.00276973 0.093822 0.0517806 4 1 0
0.002769 0.0938362 0.0517365 4 1 0
0.00276828 0.093844 0.0516966 4 1 0
0.00276756 0.0938451 0.0516612 4 1 0
0.00276684 0.0938394 0.0516302 4 1 0
0.00276613 0.0938266 0.051604 4 1 0
0.00276542 0.0938075 0.0515825 4 1 0
0.00276472 0.0937825 0.0515649 4 1 0
0.00276403 0.0937503 0.0515521 4 1 0
0.00276334 0.0937108 0.0515444 4 1 0
0.00276266 0.0936641 0.0515418 4 1 0
0.00276198 0.0936101 0.0515442 4 1 0
0.00276132 0.0935502 0.0515526 4 1 0
0.00276066 0.093484 0.0515651 4 1 0
0.00276001 0.0934109 0.0515818 4 1 0
0.00275937 0.0933304 0.0516032 4 1 0
0.00275874 0.0932443 0.0516299 4 1 0
0.00275812 0.0931536 0.0516614 4 1 0
0.00275751 0.093057 0.0516978 4 1 0
0.00275691 0.0929542 0.0517371 4 1 0
0.00275631 0.0929014 0.0517806 4 1 0
0.00275573 0.092893 0.0518282 4 1 0
0.00275515 0.0928783 0.0518798 4 1 0
0.00275458 0.0928577 0.0519352 4 1 0
0.00275402 0.0928318 0.0519945 4 1 0
0.00275346 0.0928026 0.0520569 4 1 0
0.00275291 0.0927681 0.0521215 4 1 0
0.00275237 0.0927288 0.0521895 4 1 0
0.00275183 0.0926851 0.05226 4 1 0
0.0027513 0.0926368 0.0523333 4 1 0
0.00275077 0.0925855 0.0524094 4 1 0
0.00275025 0.0925296 0.0524879 4 1 0
0.00274973 0.0924718 0.0525688 4 1 0
0.00274922 0.0924102 0.052653 4 1 0
0.0027487 0.0923444 0.0527376 4 1 0
0.00274819 0.0922754 0.0528243 4 1 0
0.00274768 0.0922045 0.052913 4 1 0
0.00274718 0.0921311 0.053004 4 1 0
0.00274667 0.0920553 0.0530968 4 1 0
0.00274617 0.0919763 0.0531909 4 1 0
0.00274566 0.0918952 0.0532871 4 1 0
0.00274515 0.0918114 0.0533848 4 1 0
0.00274465 0.091725 0.0534826 4 1 0
0.00274414 0.091638 0.0535826 4 1 0
0.00274363 0.0915486 0.0536841 4 1 0
0.00274312 0.0914563 0.0537869 4 1 0
0.00274261 0.0913625 0.0538909 4 1 0
0.00274209 0.0912683 0.0539961 4 1 0
0.00274157 0.0911706 0.0541028 4 1 0
0.00274105 0.0910733 0.05421 4 1 0
0.00274052 0.090974 0.0543184 4 1 0
0.00273999 0.0908725 0.0544284 4 1 0
0.00273945 0.0907693 0.0545393 4 1 0
0.00273891 0.0906658 0.0546514 4 1 0
0.00273836 0.0905608 0.0547638 4 1 0
0.00273781 0.0904549 0.0548768 4 1 0
0.00273725 0.0903474 0.0549908 4 1 0
0.00273668 0.0902385 0.0551058 4 1 0
0.00273611 0.090128 0.0552219 4 1 0
0.00273553 0.0900179 0.055339 4 1 0
0.00273494 0.0899066 0.0554576 4 1 0
0.00273434 0.0897935 0.0555757 4 1 0
0.00273373 0.089679 0.0556947 4 1 0
0.00273311 0.0895652 0.0558148 4 1 0
0.00273249 0.0894502 0.055936 4 1 0
0.00273185 0.0893339 0.056058 4 1 0
0.0027312 0.0892169 0.05618 4 1 0
0.00273054 0.0890988 0.0563028 4 1 0
0.00272987 0.0889795 0.0564263 4 1 0
0.00272919 0.0888605 0.0565508 4 1 0
0.00272849 0.0887401 0.0566759 4 1 0
0.00272778 0.08862 0.0568018 4 1 0
0.00272705 0.0884987 0.0569292 4 1 0
0.00272632 0.0883763 0.0570562 4 1 0
0.00272556 0.0882528 0.0571836 4 1 0
0.00272479 0.0881304 0.0573116 4 1 0
0.002724 0.0880059 0.0574407 4 1 0
0.00272319 0.0878814 0.0575707 4 1 0
0.00272237 0.0877565 0.0577013 4 1 0
0.00272153 0.0876312 0.0578325 4 1 0
0.00272066 0.0875047 0.0579637 4 1 0
0.00271978 0.0873777 0.0580955 4 1 0
0.00271887 0.0872505 0.0582282 4 1 0
0.00271794 0.0871232 0.0583617 4 1 0
0.00271699 0.0869947 0.0584962 4 1 0
0.00271601 0.0868662 0.0586312 4 1 0
0.002715 0.0867367 0.0587661 4 1 0
0.00271397 0.0866073 0.0589013 4 1 0
0.00271291 0.0864772 0.0590376 4 1 0
0.00271182 0.086346 0.0591746 4 1 0
0.00271069 0.0862155 0.0593126 4 1 0
0.00270954 0.0860843 0.0594511 4 1 0
0.00270834 0.0859521 0.0595896 4 1 0
0.00270712 0.0858202 0.0597289 4 1 0
0.00270585 0.0856875 0.0598686 4 1 0
0.00270454 0.0855539 0.060009 4 1 0
0.0027032 0.0854212 0.0601502 4 1 0
0.0027018 0.0852872 0.0602921 4 1 0
0.00270036 0.0851527 0.0604346 4 1 0
0.00269887 0.0850186 0.0605773 4 1 0
0.00269733 0.0848834 0.0607205 4 1 0
0.00269573 0.084748 0.0608645 4 1 0
0.00269407 0.0846125 0.0610091 4 1 0
0.00269235 0.0844761 0.0611544 4 1 0
0.00269057 0.0843402 0.0613004 4 1 0
0.00268871 0.0842032 0.0614468 4 1 0
0.00268678 0.0840662 0.061594 4 1 0
0.00268477 0.0839283 0.0617418 4 1 0
0.00268268 0.0837909 0.06189 4 1 0
0.0026805 0.0836522 0.0620387 4 1 0
0.00267822 0.0835142 0.0621881 4 1 0
0.00267584 0.083375 0.0623382 4 1 0
0.00267334 0.083236 0.062489 4 1 0
0.00267074 0.0830963 0.0626404 4 1 0
0.002668 0.0829561 0.0627925 4 1 0
0.00266513 0.0828162 0.0629452 4 1 0
0.00266211 0.0826751 0.0630986 4 1 0
0.00265893 0.0825343 0.0632525 4 1 0
0.00265558 0.082393 0.0634072 4 1 0
0.00265204 0.0822511 0.0635625 4 1 0
0.0026483 0.0821089 0.0637183 4 1 0
0.00264434 0.0819662 0.063875 4 1 0
0.00264014 0.0818234 0.0640324 4 1 0
0.00263567 0.0816795 0.0641904 4 1 0
0.00263091 0.0815359 0.0643493 4 1 0
0.00262583 0.0813915 0.0645089 4 1 0
0.00262039 0.0812466 0.0646694 4 1 0
0.00261457 0.0811011 0.0648306 4 1 0
0.0026083 0.0809548 0.0649928 4 1 0
0.00260155 0.0808085 0.0651556 4 1 0
0.00259425 0.0806609 0.0653192 4 1 0
0.00258633 0.0805129 0.0654839 4 1 0
0.00257772 0.0803642 0.0656497 4 1 0
0.00256831 0.0802144 0.0658166 4 1 0
0.00255801 0.0800636 0.0659843 4 1 0
0.00254668 0.0799118 0.0661537 4 1 0
0.00253416 0.0797586 0.0663238 4 1 0
0.00252027 0.079604 0.0664957 4 1 0
0.00250479 0.0794475 0.0666688 4 1 0
0.00248747 0.0792897 0.0668437 4 1 0
0.00246801 0.0791298 0.06702 4 1 0
0.00244605 0.0789679 0.067198 4 1 0
0.00242121 0.0788035 0.0673775 4 1 0
0.00239307 0.0786367 0.0675583 4 1 0
0.00236121 0.0784681 0.0677399 4 1 0
0.00232529 0.0782978 0.0679214 4 1 0
0.00228508 0.078127 0.0681016 4 1 0
0.00224059 0.077957 0.0682783 4 1 0
0.00219204 0.0777901 0.0684492 4 1 0
0.00213997 0.0776291 0.0686104 4 1 0
0.00208523 0.0774788 0.0687557 4 1 0
0.00202945 0.0773482 0.0688723 4 1 0
0.00197691 0.0772578 0.0689314 4 1 0
0.00193682 0.0772326 0.0689 4 1 0
0.00191273 0.0772582 0.0688038 4 1 0
0.0018979 0.0773028 0.0686846 4 1 0
0.00188776 0.0773504 0.0685615 4 1 0
0.00188027 0.077394 0.0684428 4 1 0
0.00187439 0.0774291 0.0683344 4 1 0
0.00186956 0.0774528 0.0682398 4 1 0
0.00186544 0.0774629 0.0681608 4 1 0
0.00186181 0.0774581 0.0681003 4 1 0
0.00185851 0.0774369 0.0680598 4 1 0
0.00185543 0.0773986 0.0680398 4 1 0
0.00185249 0.0773423 0.0680414 4 1 0
0.00184963 0.0772687 0.0680652 4 1 0
0.00184676 0.0771771 0.0681113 4 1 0
0.00184384 0.0770688 0.0681792 4 1 0
0.00184078 0.0769445 0.0682674 4 1 0
0.00183751 0.0768055 0.0683759 4 1 0
0.00183391 0.0766535 0.068502 4 1 0
0.00182985 0.0764911 0.0686449 4 1 0
0.00182509 0.0763209 0.0688017 4 1 0
0.00181932 0.0762026 0.0689697 4 1 0
0.00181198 0.0762432 0.069146 4 1 0
0.00180212 0.0762749 0.0693258 4 1 0
0.00178787 0.0762967 0.069504 4 1 0
0.00176546 0.076303 0.0696748 4 1 0
0.00172796 0.0762767 0.0698348 4 1 0
0.00167182 0.0761997 0.0699847 4 1 0
0.00160801 0.076091 0.0701221 4 1 0
0.00154297 0.0759736 0.0702509 4 1 0
0.00147737 0.075859 0.0703709 4 1 0
0.00141264 0.0757845 0.070462 4 1 0
0.00132455 0.0754969 0.0707426 4 1 0
0.00124424 0.0753575 0.0708721 4 1 0
0.00117732 0.0752344 0.0709931 4 1 0
0.00111055 0.0751229 0.0711281 4 1 0
0.00104307 0.0749845 0.0712373 4 1 0
0.00097599 0.0748588 0.0713597 4 1 0
0.000909142 0.0747359 0.0714801 4 1 0
0.000842293 0.074612 0.0716017 4 1 0
0.000775457 0.0744893 0.0717223 4 1 0
0.000708634 0.0743673 0.0718425 4 1 0
0.000641829 0.0742459 0.0719621 4 1 0
0.000575043 0.0741251 0.0720813 4 1 0
0.000508276 0.0740048 0.0722001 4 1 0
0.000441529 0.073885 0.0723187 4 1 0
0.000374801 0.0737657 0.0724369 4 1 0
0.000308089 0.0736467 0.072555 4 1 0
0.000241391 0.0735281 0.0726729 4 1 0
0.000174705 0.0734098 0.0727906 4 1 0
0.000108028 0.073292 0.0729081 4 1 0
4.13556e-05 0.0731755 0.0730246 4 1 0
4.1342e-05 0.0731755 0.0730247 4 1 0
-2.53143e-05 0.0731488 0.0730518 4 1 0
0.004 0.432042 0.00137408 4 1 0
0.00398831 0.428549 0.001551 3 1 0
0.00390753 0.44606 0.0013066 3 1 0
0.00390058 0.447633 0.00128734 3 1 0
0.00389364 0.449161 0.00126834 3 1 0
0.00388673 0.450686 0.00124963 3 1 0
0.00387982 0.45222 0.00123126 3 1 0
0.00387293 0.453748 0.00121316 3 1 0
0.00386606 0.455273 0.00119535 3 1 0
0.0038592 0.456799 0.0011778 3 1 0
0.00385236 0.458334 0.00116049 3 1 0
0.00384553 0.459866 0.00114345 3 1 0
0.00383872 0.461393 0.00112666 3 1 0
0.00383192 0.462915 0.0011102 3 1 0
0.00382514 0.464439 0.001094 3 1 0
0.00381838 0.465977 0.00107817 3 1 0
0.00381163 0.467499 0.00106243 3 1 0
0.0038049 0.469017 0.00104695 3 1 0
0.00379819 0.470543 0.00103175 3 1 0
0.0037915 0.472072 0.00101678 3 1 0
0.00378482 0.473595 0.00100206 3 1 0
0.00377817 0.475114 0.000987584 3 1 0
0.00377153 0.476629 0.00097337 3 1 0
0.00376492 0.478137 0.000959398 3 1 0
0.00375832 0.47966 0.000945712 3 1 0
0.00375175 0.481172 0.000932228 3 1 0
0.00374519 0.482677 0.000918979 3 1 0
0.00373866 0.484183 0.000905825 3 1 0
0.00373215 0.485689 0.000892981 3 1 0
0.00372567 0.487187 0.000880366 3 1 0
0.00371921 0.488677 0.00086806 3 1 0
0.00371277 0.490175 0.000855924 3 1 0
0.00370636 0.491665 0.000843958 3 1 0
0.00369997 0.493148 0.000832203 3 1 0
0.00369361 0.494627 0.000820711 3 1 0
0.00368728 0.496098 0.000809386 3 1 0
0.00368097 0.497558 0.000798238 3 1 0
0.00367469 0.499029 0.000787324 3 1 0
0.00366845 0.500491 0.000776622 3 1 0
0.00366223 0.501941 0.000766125 3 1 0
0.00365605 0.50338 0.000755851 3 1 0
0.0036499 0.504808 0.000745784 3 1 0
0.00364378 0.506251 0.000735963 3 1 0
0.0036377 0.507669 0.00072632 3 1 0
0.00363166 0.509074 0.000716863 3 1 0
0.00362565 0.510483 0.000707503 3 1 0
0.00361969 0.511873 0.00069843 3 1 0
0.00361376 0.513248 0.000689563 3 1 0
0.00360789 0.514619 0.000680981 3 1 0
0.00360205 0.515977 0.000672532 3 1 0
0.00359627 0.517319 0.000664243 3 1 0
0.00359053 0.51864 0.000656221 3 1 0
0.00358485 0.519957 0.00064834 3 1 0
0.00357922 0.521253 0.000640672 3 1 0
0.00357366 0.522515 0.000633208 3 1 0
0.00356815 0.523781 0.000625978 3 1 0
0.00356272 0.525022 0.00061897 3 1 0
0.00355735 0.526227 0.000612188 3 1 0
0.00355206 0.527411 0.000605632 3 1 0
0.00354685 0.528582 0.000599312 3 1 0
0.00354173 0.529723 0.00059324 3 1 0
0.00353671 0.530823 0.000587415 3 1 0
0.00353178 0.531886 0.00058185 3 1 0
0.00352696 0.532928 0.000576509 3 1 0
0.00352227 0.53392 0.000571486 3 1 0
0.0035177 0.534867 0.000566757 3 1 0
0.00351327 0.535767 0.000562313 3 1 0
0.003509 0.536616 0.00055816 3 1 0
0.0035049 0.537406 0.000554353 3 1 0
0.00350099 0.538121 0.000550912 3 1 0
0.00349729 0.538783 0.00054787 3 1 0
0.00349382 0.539368 0.00054525 3 1 0
0.00349109 0.539857 0.000543087 3 1 0
0.00348817 0.540257 0.000541407 3 1 0
0.00348556 0.540569 0.000540247 3 1 0
0.00348329 0.540782 0.000539671 3 1 0
0.00348137 0.540867 0.000539614 3 1 0
0.00347984 0.540831 0.000540182 3 1 0
0.00347872 0.540668 0.000541457 3 1 0
0.00347804 0.540376 0.00054337 3 1 0
0.0034778 0.539949 0.000545947 3 1 0
0.0034778 0.539949 0.000545945 3 1 0
0.00347804 0.53939 0.000549218 3 1 0
0.00347867 0.538708 0.000553146 4 1 0
0.00347986 0.537897 0.000557774 3 1 0
0.00348129 0.536976 0.000563008 4 1 0
0.0034833 0.535942 0.000568896 3 1 0
0.00348734 0.533953 0.000580249 3 1 0
0.00349021 0.532671 0.000587639 4 1 0
0.00349338 0.531315 0.000595521 4 1 0
0.00349682 0.529907 0.000603845 4 1 0
0.00350051 0.528432 0.000612601 4 1 0
0.00350438 0.526921 0.000621687 4 1 0
0.00350858 0.525379 0.000631243 3 1 0
0.00351314 0.523783 0.000641124 3 1 0
0.00351754 0.522154 0.000651344 3 1 0
0.00352208 0.520506 0.000661918 3 1 0
0.00352676 0.518829 0.000672772 3 1 0
0.00353155 0.51713 0.000683926 3 1 0
0.00353646 0.515417 0.000695386 3 1 0
0.00354147 0.513695 0.000707106 3 1 0
0.00354657 0.511959 0.000719099 3 1 0
0.00355176 0.510198 0.000731362 3 1 0
0.00355158 0.510203 0.000731321 3 1 0
0.0035569 0.508448 0.000743851 3 1 0
0.00356233 0.506681 0.000756658 3 1 0
0.00356773 0.504918 0.000769716 3 1 0
0.00357319 0.503147 0.000783036 3 1 0
0.00357871 0.501362 0.000796647 3 1 0
0.00358427 0.499572 0.000810484 3 1 0
0.00358989 0.497795 0.00082458 3 1 0
0.00359555 0.496002 0.00083889 3 1 0
0.00360125 0.494223 0.000853522 3 1 0
0.00360699 0.492441 0.000868416 3 1 0
0.00361277 0.490656 0.000883595 3 1 0
0.00361859 0.488868 0.000898993 3 1 0
0.00362443 0.487077 0.000914656 3 1 0
0.00363031 0.485297 0.000930559 3 1 0
0.00363622 0.483516 0.00094677 3 1 0
0.00364215 0.481733 0.000963252 3 1 0
0.00364812 0.479942 0.000980052 3 1 0
0.0036541 0.478173 0.00099709 3 1 0
0.00366011 0.476404 0.00101441 3 1 0
0.00366614 0.474632 0.00103204 3 1 0
0.0036722 0.472858 0.00104987 3 1 0
0.00367827 0.471085 0.00106799 3 1 0
0.00368436 0.469337 0.0010864 3 1 0
0.00369047 0.467574 0.00110509 3 1 0
0.0036966 0.465811 0.00112408 3 1 0
0.00370275 0.464069 0.00114349 3 1 0
0.00370891 0.462314 0.00116306 3 1 0
0.00371509 0.460569 0.00118293 3 1 0
0.00372128 0.45884 0.001203 3 1 0
0.00372748 0.457101 0.0012235 3 1 0
0.0037337 0.455364 0.00124431 3 1 0
0.00373994 0.453639 0.00126551 3 1 0
0.00374618 0.451918 0.00128698 3 1 0
0.00375244 0.450197 0.00130877 3 1 0
0.00375871 0.448477 0.00133087 3 1 0
0.00376499 0.44677 0.00135326 3 1 0
0.00377128 0.445063 0.00137597 3 1 0
0.00377758 0.44335 0.00139898 3 1 0
0.00378389 0.441654 0.00142238 3 1 0
0.00379021 0.439965 0.00144612 3 1 0
0.00379653 0.438266 0.00147022 3 1 0
0.00380287 0.436586 0.00149467 3 1 0
0.00380921 0.43491 0.00151948 3 1 0
0.00381557 0.433232 0.00154467 3 1 0
0.00382193 0.431555 0.0015702 3 1 0
0.00382829 0.429886 0.0015961 3 1 0
0.00383467 0.428232 0.00162241 3 1 0
0.00384105 0.426572 0.00164906 3 1 0
0.00384744 0.424913 0.00167601 3 1 0
0.00385383 0.423268 0.00170328 3 1 0
0.00386023 0.421626 0.00173098 3 1 0
0.00386663 0.419984 0.00175908 3 1 0
0.00387304 0.418343 0.00178756 3 1 0
0.00387945 0.416717 0.00181645 3 1 0
0.00388587 0.415092 0.00184574 3 1 0
0.00389229 0.413469 0.00187548 3 1 0
0.00389872 0.411853 0.00190557 3 1 0
0.00390515 0.410239 0.00193607 3 1 0
0.00391158 0.408629 0.00196704 3 1 0
0.00391802 0.407019 0.00199842 3 1 0
0.00392446 0.405425 0.00203022 3 1 0
0.0039309 0.403836 0.00206253 3 1 0
0.00393735 0.402243 0.00209522 3 1 0
0.0039438 0.400652 0.00212826 3 1 0
0.00395025 0.399081 0.00216173 3 1 0
0.0039567 0.397503 0.00219564 3 1 0
0.00396315 0.395928 0.00223 3 1 0
0.00396961 0.394366 0.00226478 3 1 0
0.00397606 0.392802 0.00230008 3 1 0
0.00398252 0.391239 0.00233584 3 1 0
0.00398898 0.389693 0.00237214 3 1 0
0.00399544 0.388142 0.00240889 3 1 0
0.0040019 0.386592 0.00244612 3 1 0
0.00400836 0.38506 0.00248387 3 1 0
0.00401482 0.383526 0.00252196 3 1 0
0.00402128 0.381993 0.00256055 3 1 0
0.00402774 0.380462 0.00259957 3 1 0
0.00403419 0.378946 0.00263919 3 1 0
0.00404065 0.377431 0.00267932 3 1 0
0.00404711 0.375914 0.00272001 3 1 0
0.00405356 0.374402 0.0027612 3 1 0
0.00406002 0.372904 0.00280292 3 1 0
0.00406647 0.371408 0.0028452 3 1 0
0.00407292 0.369912 0.00288799 3 1 0
0.00407937 0.368418 0.00293123 3 1 0
0.00408582 0.366929 0.00297472 3 1 0
0.00409226 0.365453 0.00301905 3 1 0
0.0040987 0.363979 0.00306394 3 1 0
0.00410514 0.3625 0.00310961 3 1 0
0.00411158 0.361032 0.00315567 3 1 0
0.00411801 0.359573 0.00320217 3 1 0
0.00412444 0.358115 0.003249 3 1 0
0.00413086 0.356659 0.00329665 3 1 0
0.00413729 0.355204 0.00334488 3 1 0
0.0041437 0.353761 0.00339377 3 1 0
0.00415012 0.352322 0.00344322 3 1 0
0.00415653 0.350884 0.00349328 3 1 0
0.00416293 0.349448 0.003544 3 1 0
0.00416933 0.348014 0.00359513 3 1 0
0.00417573 0.346595 0.00364688 3 1 0
0.00418212 0.345177 0.00369918 3 1 0
0.0041885 0.343762 0.00375219 3 1 0
0.00419488 0.342348 0.00380584 3 1 0
0.00420125 0.340943 0.00386029 3 1 0
0.00420762 0.339539 0.00391527 3 1 0
0.00421398 0.338137 0.0039709 3 1 0
0.00422034 0.336745 0.00402683 3 1 0
0.00422669 0.335356 0.00408363 4 1 0
0.00423303 0.333969 0.0041411 4 1 0
0.00423936 0.332584 0.00419927 4 1 0
0.00424569 0.331205 0.00425812 4 1 0
0.00425201 0.329836 0.00431764 4 1 0
0.00425832 0.328467 0.00437787 4 1 0
0.00426463 0.327103 0.00443863 4 1 0
0.00427093 0.325741 0.00450008 4 1 0
0.00427721 0.324379 0.00456219 4 1 0
0.00428349 0.323031 0.00462508 4 1 0
0.00428977 0.321684 0.00468869 4 1 0
0.00429603 0.320339 0.00475312 4 1 0
0.00430228 0.318994 0.0048182 4 1 0
0.00430853 0.31766 0.00488402 4 1 0
0.00431477 0.316328 0.00495034 4 1 0
0.00432099 0.315004 0.00501744 4 1 0
0.00432721 0.313681 0.00508528 4 1 0
0.00433342 0.31236 0.00515385 4 1 0
0.00433961 0.311045 0.00522326 4 1 0
0.0043458 0.309733 0.00529343 4 1 0
0.00435197 0.308424 0.00536455 4 1 0
0.00435814 0.307117 0.0054361 4 1 0
0.00436429 0.305821 0.00550842 4 1 0
0.00437044 0.304528 0.00558145 4 1 0
0.00437657 0.303236 0.0056554 4 1 0
0.00438269 0.301946 0.00573015 4 1 0
0.00438879 0.300662 0.00580584 4 1 0
0.00439489 0.299386 0.00588224 4 1 0
0.00440097 0.298112 0.00595945 4 1 0
0.00440704 0.296838 0.00603705 4 1 0
0.0044131 0.295567 0.00611572 4 1 0
0.00441915 0.294307 0.00619523 4 1 0
0.00442518 0.293049 0.00627563 4 1 0
0.0044312 0.291794 0.00635686 4 1 0
0.00443721 0.290541 0.00643894 4 1 0
0.0044432 0.289291 0.00652187 4 1 0
0.00444917 0.288046 0.00660546 4 1 0
0.00445514 0.28681 0.00668991 4 1 0
0.00446109 0.285575 0.00677518 4 1 0
0.00446702 0.284342 0.00686142 4 1 0
0.00447294 0.283112 0.00694853 4 1 0
0.00447885 0.281887 0.00703658 4 1 0
0.00448474 0.280669 0.0071255 4 1 0
0.00449061 0.279452 0.00721532 4 1 0
0.00449647 0.278234 0.00730581 4 1 0
0.00450231 0.277028 0.00739725 4 1 0
0.00450814 0.275825 0.00748961 4 1 0
0.00451395 0.274623 0.00758292 4 1 0
0.00451974 0.273423 0.00767719 4 1 0
0.00452552 0.272227 0.00777239 4 1 0
0.00453128 0.271039 0.00786859 4 1 0
0.00453702 0.269855 0.00796545 4 1 0
0.00454274 0.268673 0.00806326 4 1 0
0.00454845 0.267493 0.00816196 4 1 0
0.00455414 0.266315 0.00826174 4 1 0
0.00455981 0.265145 0.00836249 4 1 0
0.00456546 0.263976 0.00846443 4 1 0
0.00457109 0.262814 0.00856719 4 1 0
0.00457671 0.261656 0.00867066 4 1 0
0.0045823 0.2605 0.00877498 4 1 0
0.00458788 0.259347 0.00888048 4 1 0
0.00459344 0.258196 0.00898697 4 1 0
0.00459897 0.257052 0.00909454 4 1 0
0.00460449 0.255912 0.00920311 4 1 0
0.00460998 0.254773 0.0093127 4 1 0
0.00461546 0.253636 0.00942323 4 1 0
0.00462091 0.252508 0.00953463 4 1 0
0.00462635 0.251382 0.00964706 4 1 0
0.00463176 0.250259 0.0097605 4 1 0
0.00463715 0.249138 0.00987508 4 1 0
0.00464252 0.248019 0.00999071 4 1 0
0.00464787 0.246907 0.0101076 4 1 0
0.00465319 0.2458 0.0102254 4 1 0
0.0046585 0.244696 0.010344 4 1 0
0.00466377 0.243594 0.0104634 4 1 0
0.00466903 0.242495 0.0105842 4 1 0
0.00467426 0.241398 0.0107061 4 1 0
0.00467947 0.240307 0.0108291 4 1 0
0.00468466 0.239222 0.0109532 4 1 0
0.00468982 0.238139 0.0110784 4 1 0
0.00469496 0.237058 0.0112046 4 1 0
0.00470007 0.23598 0.0113318 4 1 0
0.00470516 0.234905 0.01146 4 1 0
0.00471023 0.233838 0.0115894 4 1 0
0.00471526 0.232773 0.01172 4 1 0
0.00472028 0.231709 0.0118517 4 1 0
0.00472526 0.23065 0.0119847 4 1 0
0.00473022 0.229592 0.0121187 4 1 0
0.00473516 0.22854 0.0122538 4 1 0
0.00474006 0.227492 0.0123897 4 1 0
0.00474495 0.226445 0.012527 4 1 0
0.0047498 0.225404 0.0126653 4 1 0
0.00475462 0.224367 0.0128049 4 1 0
0.00475942 0.223333 0.0129457 4 1 0
0.00476419 0.222301 0.0130877 4 1 0
0.00476894 0.221273 0.0132309 4 1 0
0.00477365 0.220248 0.0133753 4 1 0
0.00477833 0.219226 0.0135207 4 1 0
0.00478299 0.218209 0.0136671 4 1 0
0.00478762 0.217193 0.0138148 4 1 0
0.00479221 0.216179 0.0139637 4 1 0
0.00479678 0.215174 0.0141138 4 1 0
0.00480131 0.214171 0.0142652 4 1 0
0.00480582 0.213169 0.0144179 4 1 0
0.0048103 0.21217 0.0145719 4 1 0
0.00481474 0.211174 0.014727 4 1 0
0.00481915 0.210185 0.0148831 4 1 0
0.00482353 0.209197 0.0150403 4 1 0
0.00482788 0.208214 0.0151989 4 1 0
0.0048322 0.207233 0.0153588 4 1 0
0.00483648 0.206255 0.0155199 4 1 0
0.00484073 0.20528 0.0156824 4 1 0
0.00484495 0.204308 0.0158461 4 1 0
0.00484913 0.203338 0.0160112 4 1 0
0.00485328 0.202375 0.0161775 4 1 0
0.00485739 0.201415 0.0163448 4 1 0
0.00486147 0.200456 0.0165133 4 1 0
0.00486552 0.199502 0.0166832 4 1 0
0.00486953 0.198551 0.0168544 4 1 0
0.0048735 0.197602 0.0170269 4 1 0
0.00487744 0.196657 0.0172008 4 1 0
0.00488134 0.195714 0.0173761 4 1 0
0.00488521 0.194776 0.0175526 4 1 0
0.00488904 0.193841 0.0177305 4 1 0
0.00489283 0.192908 0.0179094 4 1 0
0.00489658 0.191978 0.0180898 4 1 0
0.0049003 0.191053 0.0182713 4 1 0
0.00490397 0.190131 0.0184542 4 1 0
0.00490761 0.189211 0.0186385 4 1 0
0.00491121 0.188295 0.0188242 4 1 0
0.00491477 0.187381 0.0190112 4 1 0
0.00491829 0.18647 0.0191997 4 1 0
0.00492177 0.185562 0.0193896 4 1 0
0.0049252 0.184659 0.0195808 4 1 0
0.0049286 0.183759 0.019773 4 1 0
0.00493195 0.182862 0.0199666 4 1 0
0.00493527 0.181967 0.0201617 4 1 0
0.00493853 0.181076 0.0203582 4 1 0
0.00494176 0.180187 0.0205561 4 1 0
0.00494494 0.1793 0.0207555 4 1 0
0.00494808 0.178417 0.0209564 4 1 0
0.00495118 0.17754 0.0211586 4 1 0
0.00495423 0.176665 0.021362 4 1 0
0.00495723 0.175791 0.0215667 4 1 0
0.00496019 0.17492 0.0217729 4 1 0
0.0049631 0.174054 0.0219805 4 1 0
0.00496597 0.173191 0.0221896 4 1 0
0.00496879 0.17233 0.0224002 4 1 0
0.00497156 0.171472 0.0226123 4 1 0
0.00497428 0.170616 0.0228257 4 1 0
0.00497695 0.169763 0.0230408 4 1 0
0.00497957 0.168916 0.0232571 4 1 0
0.00498215 0.168071 0.0234745 4 1 0
0.00498467 0.167228 0.0236936 4 1 0
0.00498714 0.166388 0.0239142 4 1 0
0.00498956 0.165551 0.0241363 4 1 0
0.00499193 0.164717 0.0243598 4 1 0
0.00499424 0.163886 0.0245849 4 1 0
0.0049965 0.163057 0.0248116 4 1 0
0.00499871 0.162231 0.0250398 4 1 0
0.00500086 0.161408 0.0252692 4 1 0
0.00500295 0.16059 0.0255 4 1 0
0.00500499 0.159774 0.0257323 4 1 0
0.00500697 0.158961 0.0259662 4 1 0
0.00500889 0.158149 0.0262016 4 1 0
0.00501075 0.157342 0.0264386 4 1 0
0.00501256 0.156538 0.0266771 4 1 0
0.0050143 0.155735 0.0269171 4 1 0
0.00501598 0.154935 0.0271588 4 1 0
0.0050176 0.154138 0.027402 4 1 0
0.00501916 0.153346 0.0276466 4 1 0
0.00502065 0.152556 0.0278925 4 1 0
0.00502208 0.151768 0.02814 4 1 0
0.00502344 0.150982 0.0283892 4 1 0
0.00502473 0.1502 0.0286399 4 1 0
0.00502596 0.149421 0.0288923 4 1 0
0.00502712 0.148644 0.0291462 4 1 0
0.00502821 0.147869 0.0294018 4 1 0
0.00502922 0.147099 0.029659 4 1 0
0.00503017 0.146331 0.0299177 4 1 0
0.00503104 0.145566 0.0301777 4 1 0
0.00503184 0.144803 0.0304393 4 1 0
0.00503256 0.144042 0.0307027 4 1 0
0.0050332 0.143285 0.0309676 4 1 0
0.00503377 0.142531 0.0312342 4 1 0
0.00503425 0.141779 0.0315023 4 1 0
0.00503466 0.141029 0.0317722 4 1 0
0.00503498 0.140283 0.0320437 4 1 0
0.00503521 0.13954 0.0323169 4 1 0
0.00503536 0.138798 0.0325918 4 1 0
0.00503543 0.138059 0.0328681 4 1 0
0.00503543 0.137913 0.0329237 4 1 0
0.00503538 0.137178 0.0332019 4 1 0
0.00503525 0.136445 0.0334816 4 1 0
0.00503502 0.135716 0.0337632 4 1 0
0.00503469 0.134988 0.0340464 4 1 0
0.00503427 0.134264 0.0343312 4 1 0
0.00503375 0.133542 0.0346179 4 1 0
0.00503312 0.132823 0.0349061 4 1 0
0.0050324 0.132106 0.0351961 4 1 0
0.00503156 0.131391 0.0354878 4 1 0
0.00503062 0.13068 0.0357812 4 1 0
0.00502957 0.129971 0.0360765 4 1 0
0.0050284 0.129264 0.0363731 4 1 0
0.00502712 0.12856 0.0366715 4 1 0
0.00502572 0.127859 0.0369716 4 1 0
0.00502419 0.127161 0.0372735 4 1 0
0.00502254 0.126465 0.0375772 4 1 0
0.00502077 0.125771 0.0378826 4 1 0
0.00501886 0.12508 0.0381902 4 1 0
0.00501681 0.124391 0.038499 4 1 0
0.00501463 0.123704 0.0388095 4 1 0
0.0050123 0.123022 0.0391218 4 1 0
0.00500982 0.122341 0.039436 4 1 0
0.0050072 0.121662 0.039752 4 1 0
0.00500442 0.120985 0.04007 4 1 0
0.00500147 0.120311 0.0403897 4 1 0
0.00499837 0.11964 0.0407112 4 1 0
0.00499509 0.118971 0.0410341 4 1 0
0.00499164 0.118305 0.0413591 4 1 0
0.004988 0.117641 0.0416861 4 1 0
0.00498418 0.116979 0.0420148 4 1 0
0.00498016 0.116319 0.0423455 4 1 0
0.00497594 0.115662 0.0426781 4 1 0
0.00497152 0.115008 0.0430121 4 1 0
0.00496688 0.114356 0.0433482 4 1 0
0.00496202 0.113706 0.0436864 4 1 0
0.00495693 0.113058 0.0440264 4 1 0
0.00495159 0.112413 0.0443684 4 1 0
0.00494601 0.11177 0.0447125 4 1 0
0.00494017 0.11113 0.0450578 4 1 0
0.00493407 0.110491 0.0454056 4 1 0
0.00492768 0.109855 0.0457554 4 1 0
0.004921 0.109221 0.0461071 4 1 0
0.00491401 0.108589 0.0464605 4 1 0
0.00490671 0.107959 0.046816 4 1 0
0.00489908 0.107332 0.0471737 4 1 0
0.0048911 0.106707 0.0475336 4 1 0
0.00488276 0.106084 0.0478951 4 1 0
0.00487403 0.105464 0.0482586 4 1 0
0.00486491 0.104845 0.0486244 4 1 0
0.00485537 0.104229 0.0489925 4 1 0
0.0048454 0.103614 0.0493624 4 1 0
0.00483496 0.103002 0.0497344 4 1 0
0.00482403 0.102392 0.0501087 4 1 0
0.00481259 0.101783 0.0504855 4 1 0
0.00480061 0.101177 0.050864 4 1 0
0.00478805 0.100573 0.0512447 4 1 0
0.00477489 0.0999706 0.0516277 4 1 0
0.00476109 0.0993702 0.0520131 4 1 0
0.00474661 0.0987717 0.0524009 4 1 0
0.0047314 0.0981751 0.0527907 4 1 0
0.00471543 0.0975803 0.0531829 4 1 0
0.00469863 0.0969874 0.0535776 4 1 0
0.00468095 0.0963961 0.053975 4 1 0
0.00466234 0.0958067 0.0543744 4 1 0
0.00464272 0.095219 0.0547764 4 1 0
0.00462202 0.094633 0.0551809 4 1 0
0.00460016 0.0940486 0.0555881 4 1 0
0.00457705 0.0934657 0.0559979 4 1 0
0.00455258 0.0928843 0.0564104 4 1 0
0.00452666 0.0923044 0.0568255 4 1 0
0.00449915 0.0917259 0.0572433 4 1 0
0.00446991 0.0911487 0.0576639 4 1 0
0.0044388 0.0905732 0.0580875 4 1 0
0.00440563 0.0899989 0.058514 4 1 0
0.0043702 0.0894256 0.0589436 4 1 0
0.0043323 0.0888534 0.0593761 4 1 0
0.00429166 0.0882827 0.0598115 4 1 0
0.00424801 0.0877131 0.0602502 4 1 0
0.00420101 0.0871443 0.0606916 4 1 0
0.00415029 0.0865771 0.061136 4 1 0
0.00409541 0.086011 0.0615834 4 1 0
0.00403589 0.0854466 0.0620334 4 1 0
0.00397116 0.0848841 0.0624851 4 1 0
0.0039006 0.0843245 0.062938 4 1 0
0.0038235 0.083769 0.0633905 4 1 0
0.00373911 0.0832203 0.0638399 4 1 0
0.00364673 0.0826829 0.0642809 4 1 0
0.00354588 0.0821653 0.0647041 4 1 0
0.00343697 0.0816855 0.06509 4 1 0
0.00332303 0.0812801 0.0653997 4 1 0
0.00321324 0.0810141 0.0655678 4 1 0
0.00312257 0.0809442 0.0655428 4 1 0
0.00305713 0.081046 0.0653558 4 1 0
0.0030108 0.0812564 0.065071 4 1 0
0.00297681 0.0815323 0.0647297 4 1 0
0.0029509 0.0818492 0.0643542 4 1 0
0.0029305 0.0821934 0.0639583 4 1 0
0.002914 0.082556 0.0635492 4 1 0
0.00290034 0.0829316 0.0631327 4 1 0
0.00288882 0.0833163 0.0627112 4 1 0
0.00287895 0.0837074 0.062288 4 1 0
0.00287036 0.0841032 0.0618643 4 1 0
0.00286281 0.084502 0.0614415 4 1 0
0.00285609 0.0849031 0.0610203 4 1 0
0.00285005 0.085305 0.0606015 4 1 0
0.00284457 0.085707 0.0601856 4 1 0
0.00283957 0.0861095 0.0597732 4 1 0
0.00283497 0.0865114 0.0593638 4 1 0
0.0028307 0.0869117 0.0589581 4 1 0
0.00282673 0.0873102 0.0585567 4 1 0
0.002823 0.0877062 0.0581599 4 1 0
0.00281949 0.0881 0.0577679 4 1 0
0.00281616 0.0884905 0.0573811 4 1 0
0.00281304 0.0888772 0.0569988 4 1 0
0.00281002 0.0892596 0.0566213 4 1 0
0.00280712 0.0896364 0.0562497 4 1 0
0.00280434 0.0900085 0.0558845 4 1 0
0.00280164 0.0903739 0.055526 4 1 0
0.00279903 0.0907327 0.0551747 4 1 0
0.0027964 0.0910821 0.0548303 4 1 0
0.00279391 0.0914223 0.054493 4 1 0
0.00279147 0.09175 0.0541648 4 1 0
0.00278908 0.092067 0.0538467 4 1 0
0.00278672 0.0923683 0.0535401 4 1 0
0.00278439 0.0926529 0.0532457 4 1 0
0.00278209 0.0929168 0.0529635 4 1 0
0.0027798 0.0931564 0.0526988 4 1 0
0.00277753 0.0933704 0.0524524 4 1 0
0.00277528 0.0935502 0.0522259 4 1 0
0.00277304 0.0936935 0.0520255 4 1 0
0.00277082 0.0937924 0.0518549 4 1 0
0.00276862 0.0938408 0.0517153 4 1 0
0.00276646 0.0938336 0.0516156 4 1 0
0.00276434 0.0937655 0.0515573 4 1 0
0.00276227 0.0936343 0.0515426 4 1 0
0.00276028 0.0934413 0.0515738 4 1 0
0.00275837 0.0931905 0.0516492 4 1 0
0.00275654 0.0929036 0.051764 4 1 0
0.00275479 0.0928661 0.0519147 4 1 0
0.00275311 0.0927798 0.0520985 4 1 0
0.00275148 0.0926533 0.052308 4 1 0
0.00274991 0.0924917 0.0525422 4 1 0
0.00274836 0.0922992 0.0527961 4 1 0
0.00274684 0.09208 0.0530668 4 1 0
0.00274532 0.0918371 0.0533538 4 1 0
0.00274379 0.0915768 0.0536522 4 1 0
0.00274225 0.0912982 0.0539639 4 1 0
0.00274068 0.0910035 0.0542854 4 1 0
0.00273908 0.0906983 0.054616 4 1 0
0.00273742 0.0903803 0.0549559 4 1 0
0.0027357 0.0900511 0.0553035 4 1 0
0.00273392 0.0897143 0.0556596 4 1 0
0.00273204 0.0893688 0.0560212 4 1 0
0.00273007 0.0890158 0.0563896 4 1 0
0.00272799 0.0886553 0.0567642 4 1 0
0.00272579 0.0882898 0.0571457 4 1 0
0.00272343 0.0879179 0.057532 4 1 0
0.00272092 0.0875419 0.057925 4 1 0
0.00271822 0.0871606 0.0583225 4 1 0
0.0027153 0.0867744 0.0587265 4 1 0
0.00271214 0.0863841 0.0591351 4 1 0
0.00270869 0.0859906 0.0595496 4 1 0
0.00270493 0.0855929 0.0599684 4 1 0
0.00270078 0.0851916 0.0603931 4 1 0
0.00269619 0.0847867 0.0608232 4 1 0
0.00269108 0.0843783 0.0612587 4 1 0
0.00268535 0.0839675 0.0617001 4 1 0
0.00267887 0.0835532 0.062146 4 1 0
0.00267148 0.0831354 0.062598 4 1 0
0.00266296 0.0827144 0.0630559 4 1 0
0.00265303 0.0822902 0.0635198 4 1 0
0.00264131 0.081862 0.0639897 4 1 0
0.00262723 0.0814303 0.064466 4 1 0
0.00261002 0.0809941 0.0649495 4 1 0
0.00258847 0.0805519 0.0654405 4 1 0
0.00256076 0.0801026 0.065941 4 1 0
0.00252389 0.0796428 0.0664524 4 1 0
0.00247287 0.0791683 0.0669777 4 1 0
0.00239937 0.0786724 0.0675197 4 1 0
0.00229164 0.0781536 0.0680736 4 1 0
0.00214272 0.0776371 0.0686024 4 1 0
0.00196763 0.0772472 0.0689328 4 1 0
0.00190961 0.0772653 0.0687836 4 1 0
0.00188799 0.0773492 0.0685646 4 1 0
0.00187596 0.0774198 0.0683645 4 1 0
0.00186689 0.0774609 0.0681881 4 1 0
0.00185918 0.0774426 0.0680664 4 1 0
0.00184835 0.0772299 0.0680831 4 1 0
0.001832 0.0765755 0.0685696 4 1 0
0.00182251 0.0762388 0.06888 4 1 0
0.00181005 0.0762511 0.0691859 4 1 0
0.00178525 0.0762989 0.0695294 4 1 0
0.00170909 0.0762541 0.0698913 4 1 0
0.00153096 0.0759519 0.0702737 4 1 0
0.00138147 0.0756862 0.0706141 4 1 0
0.00118687 0.0752521 0.0709755 4 1 0
0.00101898 0.0749392 0.0712812 4 1 0
0.00084108 0.0746098 0.0716039 4 1 0
0.000640294 0.0742432 0.0719648 4 1 0
0.000439644 0.0738817 0.072322 4 1 0
0.000239155 0.0735241 0.0726768 4 1 0
3.87664e-05 0.0731711 0.0730291 4 1 0
3.83984e-05 0.0731705 0.0730297 4 1 0
-0.000161605 0.0733866 0.0728137 4 1 0
0.004 0.432042 0.00137408 4 1 0
0.0039931 0.427533 0.00156671 3 1 0
0.00412783 0.399329 0.00207141 3 1 0
0.00412917 0.399105 0.00207662 3 1 0
0.0041316 0.398612 0.00208686 3 1 0
0.00413644 0.397627 0.00210749 3 1 0
0.00414611 0.395656 0.00214932 3 1 0
0.0041606 0.3927 0.00221361 3 1 0
0.00417515 0.389763 0.00227974 3 1 0
0.00418974 0.386834 0.00234784 3 1 0
0.00420436 0.383907 0.0024178 3 1 0
0.00421899 0.380998 0.00248947 3 1 0
0.00423364 0.378099 0.0025631 3 1 0
0.00424831 0.3752 0.00263891 3 1 0
0.00426299 0.372327 0.0027168 3 1 0
0.00427768 0.369452 0.00279647 3 1 0
0.00429238 0.366599 0.00287846 3 1 0
0.0043071 0.363745 0.00296267 3 1 0
0.00432182 0.360914 0.00304927 3 1 0
0.00433654 0.35808 0.00313782 3 1 0
0.00435128 0.355274 0.00322871 3 1 0
0.00436601 0.352465 0.00332208 3 1 0
0.00438075 0.349681 0.0034179 3 1 0
0.00439549 0.346901 0.00351614 3 1 0
0.00441023 0.344136 0.00361649 3 1 0
0.00442497 0.341376 0.00371964 3 1 0
0.0044397 0.338639 0.00382542 3 1 0
0.00445443 0.335907 0.00393396 3 1 0
0.00446916 0.33319 0.00404489 3 1 0
0.00448387 0.330487 0.00415858 3 1 0
0.00449858 0.327792 0.00427518 3 1 0
0.00451328 0.325115 0.00439465 3 1 0
0.00452797 0.322442 0.00451691 3 1 0
0.00454264 0.319794 0.00464175 3 1 0
0.0045573 0.317148 0.00476977 3 1 0
0.00457195 0.314526 0.00490084 3 1 0
0.00458658 0.311907 0.00503498 3 1 0
0.00460119 0.309309 0.00517215 3 1 0
0.00461579 0.306716 0.00531252 3 1 0
0.00463036 0.304145 0.00545627 3 1 0
0.00464491 0.301579 0.00560322 3 1 0
0.00465944 0.299034 0.00575314 3 1 0
0.00467395 0.296499 0.00590658 3 1 0
0.00468843 0.293977 0.0060636 3 1 0
0.00470288 0.291467 0.00622369 3 1 0
0.00471731 0.288973 0.00638727 3 1 0
0.00473171 0.286493 0.00655466 3 1 0
0.00474608 0.284027 0.00672571 3 1 0
0.00476042 0.281569 0.00689991 3 1 0
0.00477473 0.279132 0.00707815 3 1 0
0.004789 0.276706 0.0072602 3 1 0
0.00480325 0.274294 0.00744571 3 1 0
0.00481745 0.271894 0.00763525 3 1 0
0.00483163 0.269508 0.00782873 3 1 0
0.00484576 0.267139 0.008026 3 1 0
0.00485986 0.264777 0.00822722 3 1 0
0.00487392 0.262438 0.00843254 3 1 0
0.00488795 0.260107 0.00864207 3 1 0
0.00490193 0.257791 0.0088554 3 1 0
0.00491587 0.255486 0.00907297 3 1 0
0.00492978 0.253197 0.009295 3 1 0
0.00494364 0.250926 0.00952093 3 1 0
0.00495746 0.248664 0.00975125 3 1 0
0.00497123 0.246416 0.0099864 3 1 0
0.00498497 0.244185 0.0102253 3 1 0
0.00499865 0.241966 0.0104687 3 1 0
0.0050123 0.239761 0.010717 3 1 0
0.0050259 0.237566 0.0109694 3 1 0
0.00503945 0.235391 0.0112263 3 1 0
0.00505296 0.233227 0.011488 3 1 0
0.00506642 0.231077 0.0117546 3 1 0
0.00507984 0.228937 0.0120256 3 1 0
0.00509321 0.226816 0.012301 3 1 0
0.00510654 0.224709 0.0125817 3 1 0
0.00511982 0.222612 0.0128673 3 1 0
0.00513305 0.220529 0.0131572 3 1 0
0.00514624 0.218464 0.0134523 3 1 0
0.00515937 0.216409 0.0137524 3 1 0
0.00517247 0.214366 0.0140577 3 1 0
0.00518552 0.212341 0.0143676 3 1 0
0.00519852 0.210327 0.0146827 3 1 0
0.00521148 0.208326 0.015003 3 1 0
0.00522439 0.206341 0.0153287 3 1 0
0.00523726 0.204365 0.0156594 3 1 0
0.00525008 0.202404 0.0159947 3 1 0
0.00526286 0.20046 0.0163358 3 1 0
0.0052756 0.198527 0.0166824 3 1 0
0.0052883 0.196606 0.0170343 3 1 0
0.00530096 0.194699 0.0173911 3 1 0
0.00531358 0.192807 0.0177535 3 1 0
0.00532616 0.190925 0.0181214 3 1 0
0.00533871 0.189059 0.018495 3 1 0
0.00535122 0.187203 0.0188742 3 1 0
0.00535123 0.187203 0.0188745 4 1 0
0.00536371 0.18536 0.0192587 4 1 0
0.00537615 0.183533 0.0196487 4 1 0
0.00538856 0.181718 0.0200445 4 1 0
0.00540094 0.179915 0.0204461 4 1 0
0.0054133 0.178124 0.0208534 4 1 0
0.00542564 0.176348 0.0212658 4 1 0
0.00543795 0.174585 0.0216843 4 1 0
0.00545024 0.172832 0.0221087 4 1 0
0.00546252 0.171093 0.022539 4 1 0
0.00547478 0.169368 0.0229754 4 1 0
0.00548704 0.167654 0.0234174 4 1 0
0.00549928 0.165951 0.0238651 4 1 0
0.00551152 0.164263 0.0243188 4 1 0
0.00552377 0.162587 0.0247788 4 1 0
0.00553602 0.160922 0.0252448 4 1 0
0.00554827 0.15927 0.025717 4 1 0
0.00556054 0.157629 0.0261955 4 1 0
0.00557283 0.156002 0.0266795 4 1 0
0.00558515 0.154386 0.02717 4 1 0
0.00559749 0.152781 0.0276664 4 1 0
0.00560987 0.151189 0.0281695 4 1 0
0.0056223 0.14961 0.0286787 4 1 0
0.00563477 0.148041 0.0291939 4 1 0
0.0056473 0.146484 0.0297161 4 1 0
0.0056599 0.144939 0.0302441 4 1 0
0.00567257 0.143406 0.0307785 4 1 0
0.00568533 0.141884 0.0313198 4 1 0
0.00569818 0.140372 0.0318674 4 1 0
0.00571114 0.138874 0.0324212 4 1 0
0.00572422 0.137386 0.0329819 4 1 0
0.00573742 0.135909 0.0335489 4 1 0
0.00575078 0.134443 0.0341226 4 1 0
0.00576429 0.132989 0.0347031 4 1 0
0.00577798 0.131545 0.0352904 4 1 0
0.00579186 0.130114 0.0358845 4 1 0
0.00580595 0.128691 0.0364853 4 1 0
0.00582028 0.127282 0.0370929 4 1 0
0.00583486 0.125882 0.0377071 4 1 0
0.00584973 0.124493 0.0383284 4 1 0
0.00586491 0.123114 0.0389565 4 1 0
0.00588042 0.121746 0.0395917 4 1 0
0.00589631 0.120388 0.0402342 4 1 0
0.0059126 0.119041 0.0408835 4 1 0
0.00592934 0.117704 0.0415399 4 1 0
0.00594658 0.116377 0.0422036 4 1 0
0.00596435 0.115061 0.0428746 4 1 0
0.00598272 0.113754 0.0435529 4 1 0
0.00600175 0.112458 0.0442385 4 1 0
0.00602149 0.111172 0.0449317 4 1 0
0.00604204 0.109895 0.0456324 4 1 0
0.00606347 0.108628 0.0463404 4 1 0
0.00608589 0.10737 0.0470559 4 1 0
0.00610939 0.106122 0.0477792 4 1 0
0.00613411 0.104884 0.0485103 4 1 0
0.00616019 0.103655 0.0492492 4 1 0
0.00618778 0.102435 0.0499961 4 1 0
0.00621709 0.101224 0.0507511 4 1 0
0.00624832 0.100022 0.0515142 4 1 0
0.00628174 0.0988296 0.0522855 4 1 0
0.00631764 0.0976454 0.0530653 4 1 0
0.00635637 0.09647 0.0538536 4 1 0
0.00639837 0.0953024 0.0546505 4 1 0
0.00644413 0.0941441 0.0554564 4 1 0
0.00649427 0.0929932 0.056271 4 1 0
0.00654954 0.0918508 0.0570949 4 1 0
0.00661087 0.0907159 0.0579281 4 1 0
0.00667941 0.0895883 0.058771 4 1 0
0.00675664 0.0884683 0.0596238 4 1 0
0.00684446 0.0873554 0.0604868 4 1 0
0.00694533 0.0862491 0.0613603 4 1 0
0.00706256 0.0851492 0.0622448 4 1 0
0.00720067 0.0840556 0.0631404 4 1 0
0.00736595 0.0829679 0.0640478 4 1 0
0.0075675 0.0818858 0.0649672 4 1 0
0.00781884 0.0808096 0.0658985 4 1 0
0.00814094 0.0797403 0.0668413 4 1 0
0.00856764 0.07868 0.0677933 4 1 0
0.00915607 0.0776354 0.0687486 4 1 0
0.010006 0.0766215 0.0696929 4 1 0
0.0112935 0.0756693 0.0705952 4 1 0
0.013321 0.0748302 0.071403 4 1 0
0.0166139 0.0741569 0.07206 4 1 0
0.0223 0.0736672 0.0725429 4 1 0
0.0337052 0.073345 0.0728629 4 1 0
0.0639525 0.0731702 0.0730373 4 1 0
0.131108 0.0731195 0.0730879 4 1 0
0.192938 0.073111 0.0730964 4 1 0
0.252905 0.073108 0.0730995 4 1 0
0.312857 0.0731065 0.0731009 4 1 0
0.37283 0.0731057 0.0731018 4 1 0
0.432814 0.0731052 0.0731023 4 1 0
0.492804 0.0731048 0.0731026 4 1 0
0.552798 0.0731046 0.0731028 4 1 0
0.612794 0.0731044 0.073103 4 1 0
0.672791 0.0731043 0.0731031 4 1 0
0.732789 0.0731042 0.0731032 4 1 0
0.792788 0.0731041 0.0731033 4 1 0
0.852787 0.0731041 0.0731033 4 1 0
0.912786 0.073104 0.0731034 4 1 0
0.972786 0.073104 0.0731034 4 1 0
1.03279 0.073104 0.0731035 4 1 0
