0.0042 0.405363 0.00190118 4 1 0
0.00418065 0.408975 0.00185035 3 1 0
0.00420436 0.404111 0.00194336 3 1 0
0.00420503 0.403988 0.00194633 3 1 0
0.0042064 0.403696 0.00195209 3 1 0
0.00420821 0.403306 0.00195979 3 1 0
0.00421003 0.402922 0.0019675 3 1 0
0.00421185 0.402532 0.00197527 3 1 0
0.00421367 0.402142 0.00198308 3 1 0
0.00421549 0.401755 0.00199093 3 1 0
0.00421731 0.401365 0.00199878 3 1 0
0.00421914 0.400974 0.00200667 3 1 0
0.00422096 0.400588 0.00201455 3 1 0
0.00422279 0.400197 0.00202252 3 1 0
0.00422462 0.399806 0.00203051 3 1 0
0.00422645 0.399418 0.00203864 3 1 0
0.00422828 0.399027 0.00204671 3 1 0
0.00423011 0.398636 0.00205482 3 1 0
0.00423194 0.398247 0.002063 3 1 0
0.00423377 0.397856 0.00207118 3 1 0
0.00423561 0.397464 0.00207939 3 1 0
0.00423744 0.397075 0.00208764 3 1 0
0.00423928 0.396684 0.00209592 3 1 0
0.00424112 0.396292 0.00210425 3 1 0
0.00424296 0.395901 0.00211257 3 1 0
0.0042448 0.39551 0.00212097 3 1 0
0.00424664 0.395118 0.0021294 3 1 0
0.00424848 0.394727 0.00213785 3 1 0
0.00425032 0.394336 0.00214636 3 1 0
0.00425216 0.393944 0.00215491 3 1 0
0.00425401 0.393552 0.00216357 3 1 0
0.00425585 0.393161 0.00217219 3 1 0
0.0042577 0.392768 0.00218084 3 1 0
0.00425955 0.392377 0.00218955 3 1 0
0.00426139 0.391985 0.00219828 3 1 0
0.00426324 0.391593 0.00220704 3 1 0
0.00426509 0.391201 0.00221582 3 1 0
0.00426694 0.390809 0.00222467 3 1 0
0.00426879 0.390417 0.00223355 3 1 0
0.00427064 0.390023 0.00224246 3 1 0
0.00427249 0.389632 0.00225142 3 1 0
0.00427434 0.389241 0.00226041 3 1 0
0.0042762 0.388846 0.00226948 3 1 0
0.00427805 0.388455 0.00227855 3 1 0
0.0042799 0.388063 0.00228765 3 1 0
0.00428176 0.387669 0.00229684 3 1 0
0.00428361 0.387278 0.00230602 3 1 0
0.00428547 0.386887 0.00231524 3 1 0
0.00428732 0.386492 0.00232459 3 1 0
0.00428918 0.386101 0.00233388 3 1 0
0.00429103 0.38571 0.0023432 3 1 0
0.00429289 0.385316 0.00235267 3 1 0
0.00429475 0.384925 0.00236207 3 1 0
0.0042966 0.384534 0.00237151 3 1 0
0.00429846 0.384141 0.00238107 3 1 0
0.00430032 0.38375 0.00239058 3 1 0
0.00430218 0.38336 0.00240013 3 1 0
0.00430404 0.382967 0.00240973 3 1 0
0.0043059 0.382576 0.00241936 3 1 0
0.00430775 0.382186 0.00242903 3 1 0
0.00430961 0.381791 0.00243877 3 1 0
0.00431147 0.3814 0.00244851 3 1 0
0.00431333 0.38101 0.00245829 3 1 0
0.00431519 0.380617 0.00246814 3 1 0
0.00431705 0.380227 0.002478 3 1 0
0.00431891 0.379837 0.0024879 3 1 0
0.00432077 0.379445 0.0024979 3 1 0
0.00432263 0.379055 0.00250791 3 1 0
0.00432449 0.378665 0.00251795 3 1 0
0.00432635 0.378275 0.00252799 3 1 0
0.00432821 0.377885 0.00253811 3 1 0
0.00433007 0.377495 0.00254827 3 1 0
0.00433193 0.377102 0.00255846 3 1 0
0.00433379 0.376713 0.0025687 3 1 0
0.00433565 0.376324 0.00257894 3 1 0
0.00433751 0.375932 0.00258925 3 1 0
0.00433937 0.375543 0.00259957 3 1 0
0.00434123 0.375154 0.00260994 3 1 0
0.00434309 0.374756 0.00262026 3 1 0
0.00434495 0.374368 0.0026307 3 1 0
0.00434681 0.373981 0.00264119 3 1 0
0.00434867 0.373591 0.00265181 3 1 0
0.00435052 0.373203 0.00266237 3 1 0
0.00435238 0.372816 0.00267297 3 1 0
0.00435424 0.372424 0.00268362 3 1 0
0.0043561 0.372037 0.0026943 3 1 0
0.00435795 0.37165 0.00270503 3 1 0
0.00435981 0.371264 0.00271582 3 1 0
0.00436167 0.370877 0.00272662 3 1 0
0.00436352 0.37049 0.00273746 3 1 0
0.00436538 0.370102 0.00274831 3 1 0
0.00436723 0.369715 0.00275923 3 1 0
0.00436909 0.369328 0.0027702 3 1 0
0.00437094 0.368941 0.00278115 3 1 0
0.0043728 0.368554 0.0027922 3 1 0
0.00437465 0.368168 0.00280329 3 1 0
0.0043765 0.367781 0.0028145 3 1 0
0.00437835 0.367394 0.00282566 3 1 0
0.0043802 0.367008 0.00283686 3 1 0
0.00438206 0.366622 0.00284821 3 1 0
0.00438391 0.366236 0.00285949 3 1 0
0.00438576 0.36585 0.0028708 3 1 0
0.0043876 0.365466 0.00288223 3 1 0
0.00438945 0.365081 0.00289363 3 1 0
0.0043913 0.364695 0.00290506 3 1 0
0.00439315 0.364312 0.00291661 3 1 0
0.00439499 0.363927 0.00292812 3 1 0
0.00439684 0.363542 0.00293967 3 1 0
0.00439868 0.36316 0.0029513 3 1 0
0.00440053 0.362776 0.00296293 3 1 0
0.00440237 0.362393 0.0029746 3 1 0
0.00440421 0.362011 0.00298625 3 1 0
0.00440605 0.361628 0.00299801 3 1 0
0.00440789 0.361245 0.0030098 3 1 0
0.00440973 0.360863 0.0030218 3 1 0
0.00441157 0.36048 0.00303367 3 1 0
0.0044134 0.360098 0.00304558 3 1 0
0.00441524 0.359718 0.00305756 3 1 0
0.00441708 0.359336 0.00306958 3 1 0
0.00441891 0.358955 0.00308163 3 1 0
0.00442074 0.358574 0.00309369 3 1 0
0.00442257 0.358193 0.00310583 3 1 0
0.0044244 0.357812 0.00311801 3 1 0
0.00442623 0.357435 0.00313018 3 1 0
0.00442806 0.357055 0.00314241 3 1 0
0.00442989 0.356675 0.00315467 3 1 0
0.00443171 0.356298 0.00316696 3 1 0
0.00443354 0.355919 0.0031793 3 1 0
0.00443536 0.355541 0.00319169 3 1 0
0.00443718 0.355163 0.00320422 3 1 0
0.004439 0.354785 0.00321668 3 1 0
0.00444082 0.354408 0.00322918 3 1 0
0.00444264 0.354029 0.00324177 3 1 0
0.00444445 0.353652 0.00325438 3 1 0
0.00444627 0.353274 0.00326701 3 1 0
0.00444808 0.352901 0.00327969 3 1 0
0.00444989 0.352524 0.00329238 3 1 0
0.0044517 0.352148 0.00330511 3 1 0
0.00445351 0.351773 0.00331788 3 1 0
0.00445532 0.351397 0.00333069 3 1 0
0.00445712 0.351023 0.00334353 3 1 0
0.00445893 0.350649 0.00335639 3 1 0
0.00446073 0.350276 0.00336932 3 1 0
0.00446253 0.349905 0.00338228 3 1 0
0.00446433 0.349537 0.00339524 3 1 0
0.00446612 0.349166 0.00340829 3 1 0
0.00446792 0.348795 0.00342137 3 1 0
0.00446971 0.348423 0.00343448 3 1 0
0.0044715 0.348052 0.00344764 3 1 0
0.00447329 0.347683 0.00346084 3 1 0
0.00447508 0.347313 0.00347415 3 1 0
0.00447686 0.346943 0.00348742 3 1 0
0.00447864 0.346574 0.00350072 3 1 0
0.00448042 0.346204 0.00351413 3 1 0
0.0044822 0.345835 0.00352751 3 1 0
0.00448398 0.345466 0.00354092 3 1 0
0.00448575 0.345096 0.00355441 3 1 0
0.00448752 0.344728 0.00356789 3 1 0
0.00448929 0.344361 0.00358141 3 1 0
0.00449106 0.344001 0.0035949 3 1 0
0.00449282 0.343634 0.0036085 3 1 0
0.00449459 0.343268 0.00362213 3 1 0
0.00449635 0.342903 0.0036359 3 1 0
0.0044981 0.342538 0.00364959 3 1 0
0.00449986 0.342173 0.00366332 3 1 0
0.00450161 0.341812 0.00367723 3 1 0
0.00450336 0.34145 0.00369103 3 1 0
0.00450511 0.34109 0.00370485 3 1 0
0.00450685 0.340731 0.0037188 3 1 0
0.00450859 0.34037 0.00373273 3 1 0
0.00451033 0.34001 0.00374669 3 1 0
0.00451207 0.339644 0.00376062 3 1 0
0.0045138 0.339286 0.00377461 3 1 0
0.00451553 0.338928 0.00378863 3 1 0
0.00451726 0.338568 0.00380263 3 1 0
0.00451898 0.338212 0.00381671 3 1 0
0.0045207 0.337856 0.00383083 3 1 0
0.00452242 0.337499 0.00384514 3 1 0
0.00452413 0.337144 0.00385931 3 1 0
0.00452584 0.33679 0.00387351 3 1 0
0.00452755 0.336433 0.00388783 3 1 0
0.00452925 0.336081 0.00390209 3 1 0
0.00453095 0.335728 0.00391637 3 1 0
0.00453265 0.335375 0.00393074 3 1 0
0.00453434 0.335024 0.00394508 3 1 0
0.00453603 0.334674 0.00395945 3 1 0
0.00453772 0.334318 0.00397381 3 1 0
0.0045394 0.333969 0.00398823 3 1 0
0.00454108 0.333621 0.00400268 3 1 0
0.00454275 0.333271 0.00401715 3 1 0
0.00454442 0.332925 0.00403164 3 1 0
0.00454608 0.332579 0.00404616 3 1 0
0.00454775 0.332232 0.00406078 3 1 0
0.0045494 0.331888 0.00407534 3 1 0
0.00455105 0.331544 0.00408992 3 1 0
0.0045527 0.331202 0.00410459 3 1 0
0.00455435 0.330859 0.00411921 3 1 0
0.00455598 0.330517 0.00413385 3 1 0
0.00455762 0.330175 0.0041485 3 1 0
0.00455925 0.329835 0.00416318 3 1 0
0.00456087 0.329496 0.00417787 3 1 0
0.00456249 0.329156 0.00419251 3 1 0
0.0045641 0.328819 0.00420724 3 1 0
0.00456571 0.328482 0.00422198 3 1 0
0.00456732 0.328145 0.00423672 3 1 0
0.00456891 0.327811 0.00425149 3 1 0
0.0045705 0.327477 0.00426627 3 1 0
0.00457209 0.327143 0.00428106 3 1 0
0.00457367 0.326811 0.00429586 3 1 0
0.00457525 0.326481 0.00431067 3 1 0
0.00457681 0.326151 0.00432551 3 1 0
0.00457837 0.325822 0.00434032 3 1 0
0.00457993 0.325494 0.00435514 3 1 0
0.00458148 0.325167 0.00436997 3 1 0
0.00458302 0.324841 0.00438479 3 1 0
0.00458456 0.324517 0.00439961 3 1 0
0.00458608 0.324193 0.00441442 3 1 0
0.0045876 0.323871 0.00442924 3 1 0
0.00458912 0.32355 0.00444405 3 1 0
0.00459062 0.323231 0.00445885 3 1 0
0.00459212 0.322913 0.00447365 3 1 0
0.00459361 0.322596 0.00448843 3 1 0
0.00459509 0.32228 0.00450331 3 1 0
0.00459657 0.321966 0.00451805 3 1 0
0.00459803 0.321653 0.00453278 3 1 0
0.00459949 0.321342 0.00454765 3 1 0
0.00460093 0.321032 0.00456232 3 1 0
0.00460237 0.320723 0.00457698 3 1 0
0.0046038 0.320411 0.00459159 3 1 0
0.00460522 0.320105 0.00460619 3 1 0
0.00460663 0.319803 0.00462076 3 1 0
0.00460803 0.319504 0.00463537 3 1 0
0.00460941 0.319205 0.00464986 3 1 0
0.00461079 0.318908 0.00466432 3 1 0
0.00461216 0.318611 0.00467886 3 1 0
0.00461351 0.318317 0.00469322 3 1 0
0.00461485 0.318026 0.00470753 3 1 0
0.00461618 0.31773 0.0047218 3 1 0
0.0046175 0.317443 0.004736 3 1 0
0.00461881 0.317158 0.00475014 3 1 0
0.0046201 0.316875 0.00476426 3 1 0
0.00462137 0.316594 0.00477826 3 1 0
0.00462264 0.316315 0.00479219 3 1 0
0.00462389 0.316036 0.00480606 3 1 0
0.00462512 0.315761 0.00481983 3 1 0
0.00462634 0.31549 0.0048335 3 1 0
0.00462754 0.315222 0.00484725 3 1 0
0.00462873 0.314956 0.00486073 3 1 0
0.0046299 0.314694 0.0048741 3 1 0
0.00463105 0.314433 0.00488733 3 1 0
0.00463218 0.314176 0.00490048 3 1 0
0.00463329 0.313921 0.0049135 3 1 0
0.00463439 0.313673 0.00492632 3 1 0
0.00463546 0.313425 0.00493907 3 1 0
0.00463652 0.313181 0.00495168 3 1 0
0.00463755 0.312942 0.00496428 3 1 0
0.00463856 0.312706 0.00497657 3 1 0
0.00463955 0.312473 0.00498869 3 1 0
0.00464051 0.312245 0.00500064 3 1 0
0.00464145 0.312021 0.00501239 3 1 0
0.00464236 0.3118 0.00502394 3 1 0
0.00464325 0.311587 0.00503519 3 1 0
0.00464411 0.311377 0.00504632 3 1 0
0.00464494 0.311171 0.00505722 3 1 0
0.00464574 0.31097 0.00506785 3 1 0
0.00464652 0.310775 0.00507826 3 1 0
0.00464726 0.310584 0.00508841 3 1 0
0.00464797 0.310396 0.00509828 3 1 0
0.00464864 0.310217 0.00510786 3 1 0
0.00464928 0.310045 0.00511715 3 1 0
0.00464989 0.309877 0.00512628 3 1 0
0.00465046 0.309717 0.00513492 3 1 0
0.00465099 0.309563 0.00514322 3 1 0
0.00465148 0.309419 0.00515117 3 1 0
0.00465194 0.309279 0.00515875 3 1 0
0.00465235 0.309147 0.00516595 3 1 0
0.00465272 0.309025 0.00517273 3 1 0
0.00465304 0.308908 0.00517913 3 1 0
0.00465333 0.308799 0.00518512 3 1 0
0.00465356 0.308699 0.00519055 3 1 0
0.00465375 0.308606 0.00519565 3 1 0
0.0046539 0.308523 0.0052003 3 1 0
0.00465399 0.308448 0.0052045 3 1 0
0.00465404 0.308382 0.00520819 3 1 0
0.00465404 0.308325 0.0052114 3 1 0
0.00465398 0.308274 0.00521413 3 1 0
0.00465388 0.308236 0.00521633 3 1 0
0.00465373 0.308207 0.00521803 3 1 0
0.00465352 0.30819 0.00521919 3 1 0
0.00465327 0.30818 0.00521984 3 1 0
0.00465296 0.30818 0.00521998 3 1 0
0.0046526 0.308189 0.00521957 3 1 0
0.00465219 0.308208 0.00521866 3 1 0
0.00465174 0.308237 0.00521723 3 1 0
0.00465123 0.308275 0.00521536 3 1 0
0.00465067 0.308323 0.0052129 3 1 0
0.00465007 0.308381 0.00520992 3 1 0
0.00464941 0.308447 0.0052064 3 1 0
0.00464872 0.308523 0.00520243 3 1 0
0.00464797 0.308607 0.00519799 3 1 0
0.00464718 0.308701 0.005193 3 1 0
0.00464635 0.308803 0.00518762 3 1 0
0.00464547 0.308913 0.00518178 3 1 0
0.00464456 0.309032 0.00517557 3 1 0
0.0046436 0.309159 0.00516887 3 1 0
0.00464261 0.309294 0.00516177 3 1 0
0.00464158 0.309436 0.00515421 3 1 0
0.00464051 0.309586 0.00514632 3 1 0
0.00463941 0.309742 0.00513805 3 1 0
0.00463827 0.309906 0.00512939 3 1 0
0.0046371 0.310077 0.00512042 3 1 0
0.0046359 0.310254 0.00511112 3 1 0
0.00463467 0.310437 0.0051015 3 1 0
0.00463341 0.310627 0.00509158 3 1 0
0.00463342 0.310627 0.00509157 3 1 0
0.00463214 0.310822 0.00508136 3 1 0
0.00463082 0.311023 0.00507086 3 1 0
0.00462948 0.31123 0.0050601 3 1 0
0.00462812 0.311441 0.0050491 3 1 0
0.00462673 0.311658 0.00503785 3 1 0
0.00462532 0.31188 0.00502636 3 1 0
0.00462389 0.312106 0.00501464 3 1 0
0.00462244 0.312337 0.00500273 3 1 0
0.00462097 0.312572 0.00499061 3 1 0
0.00461949 0.312811 0.00497829 3 1 0
0.00461798 0.313054 0.0049658 3 1 0
0.00461645 0.313301 0.00495314 3 1 0
0.00461491 0.313555 0.00494033 3 1 0
0.00461336 0.31381 0.00492735 3 1 0
0.00461178 0.314068 0.00491423 3 1 0
0.00461019 0.314332 0.00490094 3 1 0
0.00460859 0.314597 0.00488754 3 1 0
0.00460698 0.314865 0.00487402 3 1 0
0.00460535 0.315136 0.00486033 3 1 0
0.00460371 0.31541 0.00484658 3 1 0
0.00460206 0.315687 0.00483271 3 1 0
0.00460039 0.315969 0.00481874 3 1 0
0.00459872 0.316254 0.00480468 3 1 0
0.00459703 0.316541 0.00479054 3 1 0
0.00459533 0.31683 0.0047763 3 1 0
0.00459363 0.317122 0.00476199 3 1 0
0.00459191 0.317417 0.0047476 3 1 0
0.00459018 0.317711 0.00473311 3 1 0
0.00458845 0.31801 0.00471858 3 1 0
0.00458671 0.318312 0.004704 3 1 0
0.00458496 0.318611 0.00468934 3 1 0
0.0045832 0.318914 0.00467464 3 1 0
0.00458143 0.319221 0.00465989 3 1 0
0.00457966 0.319532 0.0046451 3 1 0
0.00457787 0.319844 0.00463025 3 1 0
0.00457609 0.320157 0.00461537 3 1 0
0.00457429 0.320466 0.00460045 3 1 0
0.00457249 0.320784 0.0045855 3 1 0
0.00457068 0.321103 0.00457051 3 1 0
0.00456887 0.32142 0.0045555 3 1 0
0.00456705 0.321741 0.00454046 3 1 0
0.00456523 0.322065 0.0045254 3 1 0
0.0045634 0.322392 0.0045103 3 1 0
0.00456156 0.322716 0.0044952 3 1 0
0.00455972 0.323042 0.00448008 3 1 0
0.00455788 0.323372 0.00446491 3 1 0
0.00455603 0.323701 0.00444976 3 1 0
0.00455417 0.32403 0.0044346 3 1 0
0.00455231 0.324366 0.00441944 3 1 0
0.00455045 0.324698 0.00440426 3 1 0
0.00454858 0.325033 0.00438907 3 1 0
0.00454671 0.325375 0.00437387 3 1 0
0.00454484 0.325712 0.00435868 3 1 0
0.00454296 0.32605 0.00434349 3 1 0
0.00454107 0.326392 0.00432831 3 1 0
0.00453919 0.326733 0.00431312 3 1 0
0.0045373 0.327074 0.00429793 3 1 0
0.0045354 0.327419 0.00428284 3 1 0
0.00453351 0.327763 0.00426765 3 1 0
0.00453161 0.328107 0.00425247 3 1 0
0.00452971 0.328459 0.00423745 3 1 0
0.0045278 0.328806 0.00422228 3 1 0
0.00452589 0.329153 0.00420712 3 1 0
0.00452398 0.329508 0.00419194 3 1 0
0.00452207 0.329859 0.00417682 3 1 0
0.00452015 0.330211 0.00416171 3 1 0
0.00451823 0.330564 0.00414654 3 1 0
0.00451631 0.330918 0.00413147 3 1 0
0.00451438 0.331272 0.00411641 3 1 0
0.00451246 0.331629 0.00410139 3 1 0
0.00451053 0.331986 0.00408638 3 1 0
0.0045086 0.332344 0.00407139 3 1 0
0.00450667 0.332701 0.00405644 3 1 0
0.00450473 0.333061 0.00404149 3 1 0
0.00450279 0.333422 0.00402657 3 1 0
0.00450085 0.333781 0.00401165 3 1 0
0.00449891 0.334144 0.00399677 3 1 0
0.00449697 0.334507 0.00398192 3 1 0
0.00449502 0.334869 0.00396705 3 1 0
0.00449308 0.335234 0.00395224 3 1 0
0.00449113 0.3356 0.00393746 3 1 0
0.00448918 0.335964 0.00392262 3 1 0
0.00448723 0.336331 0.00390788 3 1 0
0.00448528 0.3367 0.00389317 3 1 0
0.00448332 0.337068 0.00387851 3 1 0
0.00448136 0.337437 0.00386386 3 1 0
0.00447941 0.337807 0.00384923 3 1 0
0.00447745 0.338177 0.00383466 3 1 0
0.00447549 0.338548 0.0038201 3 1 0
0.00447353 0.338919 0.00380557 3 1 0
0.00447156 0.339291 0.00379106 3 1 0
0.0044696 0.339664 0.00377659 3 1 0
0.00446764 0.340038 0.00376215 3 1 0
0.00446567 0.340412 0.00374767 3 1 0
0.0044637 0.340787 0.0037333 3 1 0
0.00446173 0.341163 0.00371895 3 1 0
0.00445976 0.341538 0.00370458 3 1 0
0.00445779 0.341914 0.0036903 3 1 0
0.00445582 0.34229 0.00367605 3 1 0
0.00445385 0.342667 0.00366179 3 1 0
0.00445188 0.343044 0.0036476 3 1 0
0.0044499 0.343422 0.00363345 3 1 0
0.00444793 0.343802 0.0036193 3 1 0
0.00444595 0.344185 0.00360521 3 1 0
0.00444397 0.344567 0.00359116 3 1 0
0.004442 0.344947 0.00357715 3 1 0
0.00444002 0.345331 0.00356317 3 1 0
0.00443804 0.345715 0.00354923 3 1 0
0.00443606 0.346098 0.00353527 3 1 0
0.00443408 0.346483 0.00352139 3 1 0
0.0044321 0.346868 0.00350755 3 1 0
0.00443012 0.34725 0.00349375 3 1 0
0.00442814 0.347637 0.00347998 3 1 0
0.00442616 0.348024 0.00346625 3 1 0
0.00442417 0.348411 0.00345256 3 1 0
0.00442219 0.348799 0.00343891 3 1 0
0.00442021 0.349187 0.00342529 3 1 0
0.00441822 0.349575 0.0034117 3 1 0
0.00441624 0.349964 0.00339816 3 1 0
0.00441425 0.350353 0.00338466 3 1 0
0.00441227 0.350743 0.00337116 3 1 0
0.00441028 0.351133 0.00335773 3 1 0
0.00440829 0.351524 0.00334434 3 1 0
0.00440631 0.351915 0.00333098 3 1 0
0.00440432 0.352307 0.00331766 3 1 0
0.00440233 0.352699 0.00330439 3 1 0
0.00440035 0.353091 0.00329118 3 1 0
0.00439836 0.353485 0.00327798 3 1 0
0.00439637 0.353878 0.00326483 3 1 0
0.00439439 0.354271 0.00325173 3 1 0
0.0043924 0.354666 0.00323866 3 1 0
0.00439041 0.355062 0.00322562 3 1 0
0.00438842 0.355457 0.00321259 3 1 0
0.00438643 0.355852 0.00319963 3 1 0
0.00438445 0.356248 0.00318671 3 1 0
0.00438246 0.356646 0.00317378 3 1 0
0.00438047 0.357043 0.00316093 3 1 0
0.00437848 0.35744 0.00314813 3 1 0
0.00437649 0.357838 0.00313531 3 1 0
0.00437451 0.358236 0.00312258 3 1 0
0.00437252 0.358634 0.0031099 3 1 0
0.00437053 0.359035 0.00309718 3 1 0
0.00436854 0.359434 0.00308457 3 1 0
0.00436655 0.359833 0.003072 3 1 0
0.00436457 0.360235 0.00305949 3 1 0
0.00436258 0.360636 0.003047 3 1 0
0.00436059 0.361037 0.00303456 3 1 0
0.0043586 0.361439 0.00302215 3 1 0
0.00435662 0.361841 0.00300979 3 1 0
0.00435463 0.362243 0.00299746 3 1 0
0.00435265 0.362646 0.00298516 3 1 0
0.00435066 0.363049 0.00297292 3 1 0
0.00434867 0.363453 0.00296071 3 1 0
0.00434669 0.363856 0.00294847 3 1 0
0.0043447 0.364259 0.00293634 3 1 0
0.00434272 0.364663 0.00292426 3 1 0
0.00434073 0.365066 0.00291212 3 1 0
0.00433875 0.365469 0.00290011 3 1 0
0.00433677 0.365873 0.00288814 3 1 0
0.00433478 0.366283 0.00287622 3 1 0
0.0043328 0.366687 0.00286432 3 1 0
0.00433082 0.367093 0.00285246 3 1 0
0.00432884 0.367505 0.00284068 3 1 0
0.00432685 0.367911 0.00282889 3 1 0
0.00432487 0.368317 0.00281715 3 1 0
0.00432289 0.368728 0.00280544 3 1 0
0.00432091 0.369135 0.00279378 3 1 0
0.00431893 0.369542 0.00278217 3 1 0
0.00431696 0.369954 0.00277059 3 1 0
0.00431498 0.370361 0.00275906 3 1 0
0.004313 0.370769 0.00274757 3 1 0
0.00431102 0.371182 0.00273617 3 1 0
0.00430905 0.371594 0.00272477 3 1 0
0.00430707 0.372006 0.00271341 3 1 0
0.0043051 0.372416 0.00270211 3 1 0
0.00430312 0.372829 0.00269083 3 1 0
0.00430115 0.373242 0.00267959 3 1 0
0.00429918 0.373652 0.00266837 3 1 0
0.0042972 0.374065 0.00265721 3 1 0
0.00429523 0.374479 0.00264609 3 1 0
0.00429326 0.374893 0.00263492 3 1 0
0.00429129 0.375306 0.00262388 3 1 0
0.00428933 0.37572 0.00261288 3 1 0
0.00428736 0.376133 0.0026019 3 1 0
0.00428539 0.376547 0.00259098 3 1 0
0.00428343 0.376961 0.0025801 3 1 0
0.00428146 0.377376 0.00256927 3 1 0
0.0042795 0.37779 0.00255847 3 1 0
0.00427753 0.378205 0.00254771 3 1 0
0.00427557 0.37862 0.00253696 3 1 0
0.00427361 0.379035 0.00252628 3 1 0
0.00427165 0.379449 0.00251565 3 1 0
0.00426969 0.379868 0.00250498 3 1 0
0.00426773 0.380283 0.00249442 3 1 0
0.00426578 0.380699 0.0024839 3 1 0
0.00426382 0.381116 0.00247335 3 1 0
0.00426187 0.381532 0.00246291 3 1 0
0.00425991 0.381948 0.00245251 3 1 0
0.00425796 0.382366 0.00244208 3 1 0
0.00425601 0.382782 0.00243176 3 1 0
0.00425406 0.383199 0.00242147 3 1 0
0.00425211 0.383619 0.00241117 3 1 0
0.00425016 0.384036 0.00240095 3 1 0
0.00424822 0.384452 0.00239078 3 1 0
0.00424627 0.384874 0.00238066 3 1 0
0.00424433 0.385292 0.00237056 3 1 0
0.00424239 0.38571 0.00236051 3 1 0
0.00424044 0.386131 0.00235049 3 1 0
0.00423851 0.386549 0.00234051 3 1 0
0.00423657 0.386967 0.00233058 3 1 0
0.00423463 0.387389 0.00232066 3 1 0
0.0042327 0.387807 0.00231081 3 1 0
0.00423076 0.388226 0.00230099 3 1 0
0.00422883 0.388647 0.00229119 3 1 0
0.0042269 0.389066 0.00228145 3 1 0
0.00422497 0.389485 0.00227175 3 1 0
0.00422304 0.389906 0.00226207 3 1 0
0.00422112 0.390325 0.00225245 3 1 0
0.00421919 0.390743 0.00224286 3 1 0
0.00421727 0.391166 0.00223334 3 1 0
0.00421535 0.391589 0.00222382 3 1 0
0.00421343 0.392012 0.00221435 3 1 0
0.00421151 0.392436 0.00220504 3 1 0
0.0042096 0.392858 0.00219563 3 1 0
0.00420768 0.393279 0.00218627 3 1 0
0.00420577 0.393701 0.00217693 3 1 0
0.00420386 0.394122 0.00216764 3 1 0
0.00420195 0.394543 0.00215839 3 1 0
0.00420004 0.394965 0.00214916 3 1 0
0.00419814 0.395387 0.00214 3 1 0
0.00419624 0.395808 0.00213087 3 1 0
0.00419434 0.396231 0.00212179 3 1 0
0.00419244 0.396653 0.00211274 3 1 0
0.00419054 0.397075 0.00210373 3 1 0
0.00418865 0.397497 0.00209475 3 1 0
0.00418675 0.397918 0.00208582 3 1 0
0.00418486 0.39834 0.00207692 3 1 0
0.00418298 0.398762 0.00206807 3 1 0
0.00418109 0.399183 0.00205925 3 1 0
0.00417921 0.399604 0.00205048 3 1 0
0.00417732 0.400025 0.00204174 3 1 0
0.00417545 0.400445 0.00203304 3 1 0
0.00417357 0.400865 0.00202438 3 1 0
0.00417169 0.401287 0.00201576 3 1 0
0.00416982 0.401707 0.00200717 3 1 0
0.00416795 0.402131 0.00199862 3 1 0
0.00416609 0.402552 0.00199011 3 1 0
0.00416422 0.402973 0.00198164 3 1 0
0.00416236 0.403397 0.00197321 3 1 0
0.0041605 0.403818 0.00196482 3 1 0
0.00415864 0.404238 0.00195647 3 1 0
0.00415679 0.404662 0.00194815 3 1 0
0.00415494 0.405084 0.00193987 3 1 0
0.00415309 0.405507 0.00193164 3 1 0
0.00415124 0.40593 0.00192343 3 1 0
0.0041494 0.406347 0.00191526 3 1 0
0.00414756 0.40677 0.00190713 3 1 0
0.00414572 0.407192 0.00189904 3 1 0
0.00414389 0.407608 0.00189097 3 1 0
0.00414206 0.408027 0.00188296 3 1 0
0.00414023 0.40845 0.00187498 3 1 0
0.0041384 0.40887 0.00186703 3 1 0
0.00413658 0.409292 0.00185913 3 1 0
0.00413476 0.409713 0.00185127 3 1 0
0.00413295 0.410127 0.00184346 3 1 0
0.00413114 0.410548 0.00183567 3 1 0
0.00412933 0.41097 0.00182793 3 1 0
0.00412752 0.411388 0.00182022 3 1 0
0.00412572 0.411805 0.00181255 3 1 0
0.00412392 0.412221 0.00180492 3 1 0
0.00412213 0.412647 0.00179729 3 1 0
0.00412034 0.413063 0.00178974 3 1 0
0.00411855 0.413479 0.00178222 3 1 0
0.00411676 0.413897 0.00177471 3 1 0
0.00411498 0.414312 0.00176726 3 1 0
0.00411321 0.414726 0.00175985 3 1 0
0.00411143 0.415141 0.00175247 3 1 0
0.00410967 0.415557 0.00174513 3 1 0
0.0041079 0.415975 0.00173784 3 1 0
0.00410614 0.416386 0.00173058 3 1 0
0.00410438 0.416803 0.00172336 3 1 0
0.00410263 0.417219 0.00171618 3 1 0
0.00410088 0.417634 0.00170903 3 1 0
0.00409914 0.418045 0.00170193 3 1 0
0.0040974 0.418455 0.00169486 3 1 0
0.00409567 0.418868 0.00168783 3 1 0
0.00409394 0.419279 0.00168083 3 1 0
0.00409221 0.419692 0.00167388 3 1 0
0.00409049 0.420107 0.00166699 3 1 0
0.00408878 0.420518 0.00166011 3 1 0
0.00408706 0.420929 0.00165327 3 1 0
0.00408536 0.421337 0.00164646 3 1 0
0.00408366 0.421746 0.0016397 3 1 0
0.00408196 0.422155 0.00163297 3 1 0
0.00408027 0.422561 0.00162631 3 1 0
0.00407858 0.422968 0.00161966 3 1 0
0.0040769 0.423374 0.00161305 3 1 0
0.00407523 0.423778 0.00160647 3 1 0
0.00407356 0.424183 0.00159994 3 1 0
0.00407189 0.424587 0.00159345 3 1 0
0.00407024 0.424988 0.00158701 3 1 0
0.00406858 0.425391 0.00158059 3 1 0
0.00406694 0.425792 0.00157422 3 1 0
0.0040653 0.426192 0.00156795 3 1 0
0.00406366 0.426592 0.00156165 3 1 0
0.00406203 0.426991 0.00155539 3 1 0
0.00406041 0.427388 0.00154927 3 1 0
0.0040588 0.427785 0.0015431 3 1 0
0.00405719 0.42818 0.00153697 3 1 0
0.00405559 0.428575 0.00153084 3 1 0
0.00405399 0.428968 0.00152477 3 1 0
0.0040524 0.429361 0.00151875 3 1 0
0.00405082 0.429745 0.00151267 3 1 0
0.00404925 0.430137 0.00150674 3 1 0
0.00404768 0.430527 0.00150084 3 1 0
0.00404612 0.430913 0.00149498 3 1 0
0.00404457 0.431302 0.00148917 3 1 0
0.00404302 0.431688 0.0014834 3 1 0
0.00404148 0.432071 0.00147767 3 1 0
0.00403995 0.432455 0.00147199 3 1 0
0.00403843 0.432838 0.00146634 3 1 0
0.00403692 0.433212 0.00146074 3 1 0
0.00403541 0.433592 0.00145518 3 1 0
0.00403392 0.433971 0.00144966 3 1 0
0.00403243 0.434344 0.00144419 3 1 0
0.00403095 0.434716 0.00143875 3 1 0
0.00402948 0.435089 0.00143336 3 1 0
0.00402802 0.435461 0.00142801 3 1 0
0.00402657 0.435829 0.00142271 3 1 0
0.00402513 0.436198 0.00141745 3 1 0
0.00402369 0.43657 0.00141223 3 1 0
0.00402227 0.436933 0.00140706 3 1 0
0.00402086 0.437294 0.00140194 3 1 0
0.00401945 0.437661 0.00139685 3 1 0
0.00401806 0.438019 0.00139182 3 1 0
0.00401668 0.438374 0.00138682 3 1 0
0.00401531 0.438731 0.00138187 3 1 0
0.00401395 0.439083 0.00137697 3 1 0
0.0040126 0.439432 0.00137212 3 1 0
0.00401126 0.43978 0.00136731 3 1 0
0.00400993 0.440125 0.00136254 3 1 0
0.00400862 0.440468 0.00135783 3 1 0
0.00400731 0.440808 0.00135316 3 1 0
0.00400602 0.441145 0.00134855 3 1 0
0.00400474 0.441482 0.00134398 3 1 0
0.00400348 0.441816 0.00133946 3 1 0
0.00400222 0.44215 0.00133499 3 1 0
0.00400098 0.442481 0.00133057 3 1 0
0.00399976 0.44281 0.00132618 3 1 0
0.00399854 0.443132 0.00132186 3 1 0
0.00399734 0.443452 0.00131759 3 1 0
0.00399615 0.443768 0.00131336 3 1 0
0.00399498 0.444083 0.00130919 3 1 0
0.00399383 0.444397 0.00130507 3 1 0
0.00399274 0.44469 0.00130123 4 1 0
0.00399162 0.444995 0.00129722 3 1 0
0.00399051 0.445294 0.00129329 4 1 0
0.00398941 0.445601 0.00128937 3 1 0
0.00398833 0.445896 0.00128553 4 1 0
0.00398727 0.446188 0.00128172 3 1 0
0.00398622 0.446478 0.001278 3 1 0
0.00398519 0.446763 0.00127431 3 1 0
0.00398418 0.447042 0.00127071 3 1 0
0.00398318 0.44732 0.00126716 3 1 0
0.0039822 0.447593 0.00126365 4 1 0
0.00398124 0.447865 0.00126018 3 1 0
0.0039803 0.448134 0.00125683 4 1 0
0.00397938 0.448396 0.00125348 3 1 0
0.00397848 0.448652 0.00125023 4 1 0
0.00397759 0.448915 0.00124696 3 1 0
0.00397672 0.449164 0.00124381 4 1 0
0.00397586 0.449411 0.00124069 3 1 0
0.00397731 0.44899 0.00124597 3 1 0
0.00397645 0.449239 0.00124282 3 1 0
0.0039756 0.449484 0.00123972 3 1 0
0.00397477 0.449726 0.00123669 3 1 0
0.00397397 0.449963 0.00123372 3 1 0
0.00397318 0.450194 0.00123081 3 1 0
0.00397241 0.450428 0.00122796 3 1 0
0.00397166 0.45065 0.00122518 3 1 0
0.00397094 0.450868 0.00122246 3 1 0
0.00397023 0.451086 0.0012198 3 1 0
0.00396955 0.451294 0.00121721 3 1 0
0.00396889 0.451498 0.00121468 3 1 0
0.00396825 0.451695 0.00121222 3 1 0
0.00396763 0.451889 0.00120983 3 1 0
0.00396704 0.452077 0.0012075 3 1 0
0.00396647 0.452261 0.00120525 3 1 0
0.00396592 0.452439 0.00120306 3 1 0
0.00396539 0.452611 0.00120093 3 1 0
0.00396489 0.452782 0.00119887 3 1 0
0.00396441 0.452943 0.00119689 3 1 0
0.00396396 0.453099 0.00119497 3 1 0
0.00396353 0.453255 0.00119312 3 1 0
0.00396312 0.4534 0.00119134 3 1 0
0.00396274 0.45354 0.00118963 3 1 0
0.00396239 0.453663 0.00118801 3 1 0
0.00396205 0.453792 0.00118644 3 1 0
0.00396174 0.453914 0.00118495 3 1 0
0.00396146 0.454037 0.00118351 3 1 0
0.0039612 0.454147 0.00118215 3 1 0
0.00396097 0.454251 0.00118087 3 1 0
0.00396076 0.454352 0.00117965 3 1 0
0.00396058 0.454444 0.00117851 3 1 0
0.00396042 0.45453 0.00117745 3 1 0
0.00396029 0.454609 0.00117646 3 1 0
0.00396019 0.454683 0.00117553 3 1 0
0.00396011 0.454751 0.00117468 3 1 0
0.00396005 0.454815 0.00117389 3 1 0
0.00396002 0.45487 0.00117319 3 1 0
0.00396001 0.45492 0.00117255 3 1 0
0.00396004 0.454962 0.00117198 3 1 0
0.00396008 0.455 0.00117149 3 1 0
0.00396015 0.455031 0.00117107 3 1 0
0.00396025 0.455055 0.00117073 3 1 0
0.00396037 0.455074 0.00117045 3 1 0
0.00396052 0.455088 0.00117024 3 1 0
0.00396069 0.455092 0.00117011 3 1 0
0.00396088 0.455093 0.00117004 3 1 0
0.0039611 0.455088 0.00117005 3 1 0
0.00396135 0.455076 0.00117012 3 1 0
0.00396162 0.455058 0.00117026 3 1 0
0.00396191 0.455035 0.00117047 3 1 0
0.00396223 0.455009 0.00117076 3 1 0
0.00396257 0.454975 0.00117111 3 1 0
0.00396293 0.454935 0.00117153 3 1 0
0.00396332 0.454893 0.00117205 3 1 0
0.00396373 0.454841 0.0011726 3 1 0
0.00396416 0.454783 0.00117322 3 1 0
0.00396462 0.454722 0.00117392 3 1 0
0.0039651 0.454653 0.00117467 3 1 0
0.0039656 0.454578 0.00117549 3 1 0
0.00396612 0.454501 0.00117644 3 1 0
0.00396667 0.454416 0.00117739 3 1 0
0.00396723 0.454326 0.0011784 3 1 0
0.00396782 0.454231 0.00117943 3 1 0
0.00396843 0.45413 0.00118056 3 1 0
0.00396906 0.454024 0.00118174 3 1 0
0.00396971 0.453913 0.00118305 3 1 0
0.00397038 0.453797 0.00118436 3 1 0
0.00397106 0.453675 0.00118573 3 1 0
0.00397177 0.453549 0.00118719 3 1 0
0.0039725 0.453418 0.00118868 3 1 0
0.00397325 0.453282 0.00119023 3 1 0
0.00397402 0.453142 0.00119182 3 1 0
0.0039748 0.452998 0.00119348 3 1 0
0.0039756 0.452848 0.0011952 3 1 0
0.00397643 0.452694 0.00119699 3 1 0
0.00397726 0.452535 0.00119883 3 1 0
0.00397812 0.452372 0.00120074 3 1 0
0.00397899 0.452205 0.00120265 3 1 0
0.00397988 0.452034 0.00120467 3 1 0
0.00398079 0.451858 0.00120674 3 1 0
0.00398171 0.451678 0.00120885 3 1 0
0.00398265 0.451495 0.00121102 3 1 0
0.00398361 0.451307 0.00121325 3 1 0
0.00398458 0.451115 0.00121553 3 1 0
0.00398557 0.45092 0.00121785 3 1 0
0.00398657 0.45072 0.00122021 3 1 0
0.00398758 0.450518 0.00122261 3 1 0
0.00398862 0.450311 0.0012251 3 1 0
0.00398966 0.4501 0.00122763 3 1 0
0.00399072 0.449887 0.00123016 3 1 0
0.00399179 0.449669 0.00123279 3 1 0
0.00399288 0.449448 0.00123546 3 1 0
0.00399398 0.449224 0.00123821 3 1 0
0.00399509 0.448997 0.00124098 3 1 0
0.00399622 0.448766 0.0012438 3 1 0
0.00399736 0.448533 0.00124669 3 1 0
0.00399851 0.448296 0.00124959 3 1 0
0.00399968 0.448056 0.00125253 3 1 0
0.00400085 0.447813 0.00125549 3 1 0
0.00400204 0.447567 0.00125854 3 1 0
0.00400324 0.447318 0.00126164 3 1 0
0.00400445 0.447067 0.00126474 3 1 0
0.00400567 0.446812 0.00126792 3 1 0
0.00400691 0.446554 0.00127115 3 1 0
0.00400815 0.446295 0.00127443 3 1 0
0.00400941 0.446033 0.00127775 3 1 0
0.00401067 0.445767 0.0012811 3 1 0
0.00401195 0.4455 0.00128444 3 1 0
0.00401323 0.445229 0.00128786 3 1 0
0.00401453 0.444956 0.00129133 3 1 0
0.00401584 0.444681 0.00129492 3 1 0
0.00401715 0.444403 0.00129847 3 1 0
0.00401848 0.444123 0.00130206 3 1 0
0.00401981 0.443842 0.00130569 3 1 0
0.00402115 0.443557 0.00130936 3 1 0
0.00402251 0.44327 0.00131307 3 1 0
0.00402387 0.442981 0.0013168 3 1 0
0.00402524 0.44269 0.00132059 3 1 0
0.00402662 0.442396 0.00132442 3 1 0
0.00402801 0.442101 0.00132826 3 1 0
0.0040294 0.441803 0.00133217 3 1 0
0.0040308 0.441504 0.00133612 3 1 0
0.00403222 0.441201 0.00134019 3 1 0
0.00403364 0.440897 0.00134422 3 1 0
0.00403506 0.440591 0.00134828 3 1 0
0.0040365 0.440284 0.0013524 3 1 0
0.00403794 0.439974 0.00135654 3 1 0
0.00403939 0.439662 0.00136072 3 1 0
0.00404085 0.439348 0.00136493 3 1 0
0.00404231 0.439034 0.00136918 3 1 0
0.00404378 0.43872 0.00137347 3 1 0
0.00404526 0.438412 0.00137779 3 1 0
0.00404675 0.438094 0.00138216 3 1 0
0.00404824 0.437774 0.00138656 3 1 0
0.00404974 0.437442 0.00139097 3 1 0
0.00405124 0.43712 0.00139545 3 1 0
0.00405275 0.436797 0.00139996 3 1 0
0.00405427 0.436473 0.00140455 3 1 0
0.00405579 0.436146 0.00140914 3 1 0
0.00405732 0.435818 0.00141375 3 1 0
0.00405886 0.435486 0.00141839 3 1 0
0.0040604 0.435155 0.00142309 3 1 0
0.00406194 0.434823 0.00142781 3 1 0
0.0040635 0.434486 0.00143257 3 1 0
0.00406505 0.434152 0.00143737 3 1 0
0.00406662 0.433815 0.00144221 3 1 0
0.00406819 0.43347 0.00144708 3 1 0
0.00406976 0.433132 0.00145199 3 1 0
0.00407134 0.432793 0.00145693 3 1 0
0.00407293 0.432445 0.00146192 3 1 0
0.00407452 0.432104 0.00146694 3 1 0
0.00407611 0.431761 0.001472 3 1 0
0.00407771 0.431412 0.00147709 3 1 0
0.00407932 0.431068 0.00148221 3 1 0
0.00408092 0.430722 0.00148737 3 1 0
0.00408254 0.430374 0.00149252 3 1 0
0.00408416 0.430026 0.00149774 3 1 0
0.00408578 0.429676 0.001503 3 1 0
0.00408741 0.429324 0.0015083 3 1 0
0.00408904 0.428973 0.00151363 3 1 0
0.00409068 0.42862 0.00151899 3 1 0
0.00409232 0.428267 0.00152441 3 1 0
0.00409396 0.427912 0.00152983 3 1 0
0.00409561 0.427556 0.00153529 3 1 0
0.00409726 0.427199 0.0015408 3 1 0
0.00409892 0.426841 0.00154633 3 1 0
0.00410058 0.426481 0.00155189 3 1 0
0.00410225 0.426111 0.00155753 3 1 0
0.00410392 0.425752 0.00156316 3 1 0
0.00410559 0.425392 0.00156882 3 1 0
0.00410726 0.425037 0.00157449 3 1 0
0.00410894 0.424674 0.00158023 3 1 0
0.00411063 0.424309 0.001586 3 1 0
0.00411231 0.423941 0.00159187 3 1 0
0.004114 0.423575 0.00159771 3 1 0
0.0041157 0.423207 0.00160358 3 1 0
0.0041174 0.422841 0.00160947 3 1 0
0.0041191 0.422472 0.00161541 3 1 0
0.0041208 0.422103 0.00162138 3 1 0
0.00412251 0.421736 0.00162741 3 1 0
0.00412422 0.421365 0.00163344 3 1 0
0.00412593 0.420993 0.00163952 3 1 0
0.00412765 0.420623 0.00164563 3 1 0
0.00412937 0.420252 0.00165177 3 1 0
0.00413109 0.419882 0.00165795 3 1 0
0.00413282 0.419507 0.00166418 3 1 0
0.00413454 0.419134 0.00167043 3 1 0
0.00413628 0.418762 0.00167671 3 1 0
0.00413801 0.418387 0.00168305 3 1 0
0.00413975 0.418011 0.00168939 3 1 0
0.00414149 0.417638 0.00169577 3 1 0
0.00414323 0.417261 0.00170221 3 1 0
0.00414497 0.416886 0.00170866 3 1 0
0.00414672 0.416511 0.00171514 3 1 0
0.00414847 0.41613 0.00172166 3 1 0
0.00415023 0.415754 0.00172821 3 1 0
0.00415198 0.415378 0.0017348 3 1 0
0.00415374 0.414996 0.00174141 3 1 0
0.0041555 0.414617 0.00174807 3 1 0
0.00415726 0.414239 0.00175476 3 1 0
0.00415903 0.41386 0.00176152 3 1 0
0.00416079 0.413478 0.00176828 3 1 0
0.00416256 0.413096 0.00177507 3 1 0
0.00416433 0.412716 0.00178191 3 1 0
0.00416611 0.412333 0.00178877 3 1 0
0.00416788 0.411953 0.00179567 3 1 0
0.00416966 0.41157 0.00180261 3 1 0
0.00417144 0.411186 0.00180957 3 1 0
0.00417322 0.410805 0.00181658 3 1 0
0.00417501 0.410421 0.00182361 3 1 0
0.00417679 0.410036 0.00183068 3 1 0
0.00417858 0.409654 0.00183779 3 1 0
0.00418037 0.409269 0.00184494 3 1 0
0.00418216 0.408886 0.00185212 3 1 0
0.00418396 0.408503 0.00185933 3 1 0
0.00418575 0.408113 0.00186659 3 1 0
0.00418755 0.407729 0.00187387 3 1 0
0.00418935 0.407345 0.00188118 3 1 0
0.00419115 0.406958 0.00188855 3 1 0
0.00419295 0.406573 0.00189593 3 1 0
0.00419476 0.406188 0.00190335 3 1 0
0.00419656 0.405797 0.00191081 3 1 0
0.00419837 0.405412 0.0019183 3 1 0
0.00420018 0.405026 0.00192583 3 1 0
0.00420199 0.404633 0.0019334 3 1 0
0.0042038 0.404245 0.001941 3 1 0
0.00420562 0.403859 0.00194864 3 1 0
0.00420743 0.40347 0.00195631 3 1 0
0.00420925 0.403083 0.00196401 3 1 0
0.00421107 0.402696 0.00197176 3 1 0
0.00421289 0.402304 0.00197953 3 1 0
0.00421471 0.401913 0.00198735 3 1 0
0.00421653 0.401525 0.0019952 3 1 0
0.00421835 0.401137 0.00200309 3 1 0
0.00422018 0.400745 0.00201101 3 1 0
0.00422201 0.400356 0.00201897 3 1 0
0.00422383 0.399969 0.00202701 3 1 0
0.00422566 0.399577 0.00203504 3 1 0
0.00422749 0.399185 0.00204312 3 1 0
0.00422932 0.398801 0.00205129 3 1 0
0.00423115 0.398409 0.00205944 3 1 0
0.00423299 0.398017 0.00206762 3 1 0
0.00423482 0.397625 0.00207568 3 1 0
0.00423666 0.397232 0.00208393 3 1 0
0.00423849 0.396842 0.00209221 3 1 0
0.00424033 0.396452 0.00210052 3 1 0
0.00424217 0.396059 0.00210887 3 1 0
0.00424401 0.395668 0.00211727 3 1 0
0.00424585 0.395282 0.00212571 3 1 0
0.00424769 0.394889 0.00213418 3 1 0
0.00424953 0.394496 0.00214267 3 1 0
0.00425137 0.394104 0.00215122 3 1 0
0.00425322 0.393711 0.00215979 3 1 0
0.00425506 0.393319 0.0021684 3 1 0
0.00425691 0.39293 0.00217705 3 1 0
0.00425875 0.392539 0.00218573 3 1 0
0.0042606 0.392149 0.00219445 3 1 0
0.00426245 0.39176 0.00220331 3 1 0
0.0042643 0.391369 0.00221209 3 1 0
0.00426615 0.390977 0.00222092 3 1 0
0.004268 0.39058 0.00222984 3 1 0
0.00426985 0.390187 0.00223873 3 1 0
0.0042717 0.389793 0.00224767 3 1 0
0.00427355 0.389408 0.00225667 3 1 0
0.0042754 0.389016 0.00226568 3 1 0
0.00427725 0.388625 0.00227473 3 1 0
0.00427911 0.388227 0.0022838 3 1 0
0.00428096 0.387834 0.00229293 3 1 0
0.00428282 0.38744 0.00230209 3 1 0
0.00428467 0.387049 0.0023113 3 1 0
0.00428653 0.386659 0.00232054 3 1 0
0.00428838 0.386268 0.00232981 3 1 0
0.00429024 0.385874 0.00233911 3 1 0
0.00429209 0.385481 0.00234847 3 1 0
0.00429395 0.385087 0.00235786 3 1 0
0.00429581 0.384699 0.0023673 3 1 0
0.00429767 0.384305 0.00237677 3 1 0
0.00429952 0.383912 0.00238628 3 1 0
0.00430138 0.383523 0.00239585 3 1 0
0.00430324 0.38313 0.00240544 3 1 0
0.0043051 0.382736 0.00241506 3 1 0
0.00430696 0.382349 0.00242474 3 1 0
0.00430882 0.381956 0.00243444 3 1 0
0.00431068 0.381563 0.00244417 3 1 0
0.00431254 0.381175 0.00245394 3 1 0
0.00431439 0.380782 0.00246376 3 1 0
0.00431625 0.380389 0.00247361 3 1 0
0.00431811 0.380002 0.0024835 3 1 0
0.00431997 0.37961 0.00249343 3 1 0
0.00432183 0.379218 0.0025034 3 1 0
0.00432369 0.37883 0.00251342 3 1 0
0.00432555 0.378438 0.00252347 3 1 0
0.00432741 0.378046 0.00253357 3 1 0
0.00432927 0.37766 0.00254368 3 1 0
0.00433113 0.377268 0.00255385 3 1 0
0.00433299 0.376877 0.00256406 3 1 0
0.00433485 0.376488 0.00257432 3 1 0
0.00433671 0.376097 0.00258461 3 1 0
0.00433857 0.375705 0.00259494 3 1 0
0.00434043 0.375317 0.00260528 3 1 0
0.00434229 0.374926 0.00261569 3 1 0
0.00434415 0.374535 0.00262613 3 1 0
0.00434601 0.374147 0.00263659 3 1 0
0.00434787 0.373756 0.00264711 3 1 0
0.00434973 0.373366 0.00265767 3 1 0
0.00435158 0.37298 0.00266827 3 1 0
0.00435344 0.372589 0.00267891 3 1 0
0.0043553 0.3722 0.00268959 3 1 0
0.00435716 0.371815 0.00270031 3 1 0
0.00435901 0.371428 0.00271106 3 1 0
0.00436087 0.371041 0.00272186 3 1 0
0.00436273 0.370657 0.00273274 3 1 0
0.00436458 0.370269 0.00274361 3 1 0
0.00436644 0.369882 0.00275451 3 1 0
0.00436829 0.369493 0.00276549 3 1 0
0.00437015 0.369107 0.00277648 3 1 0
0.004372 0.36872 0.0027875 3 1 0
0.00437385 0.368332 0.00279858 3 1 0
0.00437571 0.367946 0.00280968 3 1 0
0.00437756 0.36756 0.00282083 3 1 0
0.00437941 0.367173 0.00283201 3 1 0
0.00438126 0.366787 0.00284324 3 1 0
0.00438311 0.366402 0.00285451 3 1 0
0.00438496 0.366015 0.00286581 3 1 0
0.00438681 0.365631 0.00287716 3 1 0
0.00438866 0.365246 0.00288855 3 1 0
0.00439051 0.36486 0.00290001 3 1 0
0.00439236 0.364476 0.00291148 3 1 0
0.0043942 0.364092 0.00292298 3 1 0
0.00439605 0.363707 0.00293455 3 1 0
0.00439789 0.363323 0.00294613 3 1 0
0.00439974 0.36294 0.00295775 3 1 0
0.00440158 0.362555 0.00296941 3 1 0
0.00440342 0.362173 0.00298111 3 1 0
0.00440526 0.361791 0.00299286 3 1 0
0.0044071 0.361406 0.00300463 3 1 0
0.00440894 0.361025 0.00301646 3 1 0
0.00441078 0.360643 0.00302833 3 1 0
0.00441262 0.360258 0.00304026 3 1 0
0.00441445 0.359878 0.00305222 3 1 0
0.00441629 0.359498 0.00306421 3 1 0
0.00441812 0.359114 0.0030762 3 1 0
0.00441996 0.358734 0.00308827 3 1 0
0.00442179 0.358355 0.00310037 3 1 0
0.00442362 0.357977 0.00311251 3 1 0
0.00442545 0.357598 0.0031247 3 1 0
0.00442728 0.357219 0.00313692 3 1 0
0.0044291 0.356839 0.00314918 3 1 0
0.00443093 0.356459 0.00316149 3 1 0
0.00443276 0.35608 0.00317383 3 1 0
0.00443458 0.355703 0.00318621 3 1 0
0.0044364 0.355325 0.00319864 3 1 0
0.00443822 0.354947 0.0032111 3 1 0
0.00444004 0.354571 0.00322363 3 1 0
0.00444186 0.354194 0.00323618 3 1 0
0.00444368 0.353817 0.00324876 3 1 0
0.00444549 0.353441 0.00326132 3 1 0
0.00444731 0.353065 0.00327398 3 1 0
0.00444912 0.352688 0.00328668 3 1 0
0.00445093 0.352313 0.0032994 3 1 0
0.00445274 0.351938 0.00331217 3 1 0
0.00445454 0.351563 0.00332498 3 1 0
0.00445635 0.35119 0.00333783 3 1 0
0.00445815 0.350815 0.00335072 3 1 0
0.00445996 0.350441 0.00336364 3 1 0
0.00446176 0.350069 0.00337661 3 1 0
0.00446356 0.349695 0.00338961 3 1 0
0.00446535 0.349322 0.00340264 3 1 0
0.00446715 0.34895 0.00341572 3 1 0
0.00446894 0.348578 0.00342883 3 1 0
0.00447073 0.348206 0.00344197 3 1 0
0.00447252 0.347834 0.00345516 3 1 0
0.00447431 0.347463 0.00346838 3 1 0
0.0044761 0.347095 0.00348165 3 1 0
0.00447788 0.346726 0.00349497 3 1 0
0.00447966 0.346358 0.0035083 3 1 0
0.00448144 0.345991 0.00352167 3 1 0
0.00448322 0.345624 0.0035351 3 1 0
0.00448499 0.345258 0.00354854 3 1 0
0.00448676 0.344891 0.00356201 3 1 0
0.00448853 0.344524 0.00357554 3 1 0
0.0044903 0.344159 0.00358908 3 1 0
0.00449207 0.343794 0.00360266 3 1 0
0.00449383 0.343429 0.00361629 3 1 0
0.00449559 0.343064 0.00362994 3 1 0
0.00449735 0.3427 0.00364363 3 1 0
0.00449911 0.342336 0.00365734 3 1 0
0.00450086 0.341973 0.0036711 3 1 0
0.00450261 0.34161 0.0036849 3 1 0
0.00450436 0.341248 0.00369873 3 1 0
0.0045061 0.340886 0.00371259 3 1 0
0.00450785 0.340525 0.00372648 3 1 0
0.00450959 0.340165 0.00374042 3 1 0
0.00451132 0.339805 0.00375437 3 1 0
0.00451306 0.339445 0.00376836 3 1 0
0.00451479 0.339086 0.00378239 3 1 0
0.00451652 0.338728 0.00379644 3 1 0
0.00451824 0.338369 0.00381052 3 1 0
0.00451996 0.338013 0.00382465 3 1 0
0.00452168 0.337656 0.0038388 3 1 0
0.0045234 0.3373 0.00385298 3 1 0
0.00452511 0.336945 0.0038673 3 1 0
0.00452682 0.33659 0.00388155 3 1 0
0.00452852 0.336236 0.00389583 3 1 0
0.00453022 0.335883 0.00391019 3 1 0
0.00453192 0.335529 0.00392453 3 1 0
0.00453362 0.335177 0.0039389 3 1 0
0.00453531 0.334821 0.00395305 3 1 0
0.00453699 0.334469 0.00396746 3 1 0
0.00453868 0.334117 0.00398189 3 1 0
0.00454036 0.333772 0.00399629 3 1 0
0.00454203 0.333424 0.00401077 3 1 0
0.0045437 0.333077 0.00402527 3 1 0
0.00454537 0.332724 0.00403979 3 1 0
0.00454703 0.332379 0.00405434 3 1 0
0.00454869 0.332034 0.00406891 3 1 0
0.00455035 0.331689 0.00408348 3 1 0
0.004552 0.331346 0.00409809 3 1 0
0.00455364 0.331004 0.00411273 3 1 0
0.00455528 0.330657 0.00412737 3 1 0
0.00455692 0.330317 0.00414203 3 1 0
0.00455855 0.329977 0.00415672 3 1 0
0.00456018 0.329636 0.00417142 3 1 0
0.0045618 0.329298 0.00418614 3 1 0
0.00456341 0.32896 0.00420087 3 1 0
0.00456502 0.328621 0.00421561 3 1 0
0.00456663 0.328283 0.00423037 3 1 0
0.00456823 0.327948 0.00424514 3 1 0
0.00456982 0.327615 0.00425992 3 1 0
0.00457141 0.32728 0.00427471 3 1 0
0.00457299 0.326947 0.00428951 3 1 0
0.00457457 0.326616 0.00430432 3 1 0
0.00457614 0.326285 0.00431913 3 1 0
0.00457771 0.325956 0.00433395 3 1 0
0.00457926 0.325628 0.00434878 3 1 0
0.00458082 0.325302 0.0043636 3 1 0
0.00458236 0.324977 0.00437842 3 1 0
0.0045839 0.324652 0.00439325 3 1 0
0.00458543 0.324329 0.00440807 3 1 0
0.00458695 0.324007 0.00442289 3 1 0
0.00458847 0.323683 0.0044377 3 1 0
0.00458998 0.323364 0.00445251 3 1 0
0.00459148 0.323046 0.0044673 3 1 0
0.00459297 0.322726 0.00448214 3 1 0
0.00459446 0.322411 0.00449692 3 1 0
0.00459594 0.322097 0.00451169 3 1 0
0.0045974 0.321784 0.00452637 3 1 0
0.00459886 0.321473 0.0045411 3 1 0
0.00460032 0.321163 0.00455581 3 1 0
0.00460176 0.320855 0.00457048 3 1 0
0.00460319 0.320548 0.00458514 3 1 0
0.00460461 0.320243 0.00459977 3 1 0
0.00460603 0.319938 0.00461436 3 1 0
0.00460743 0.319636 0.00462893 3 1 0
0.00460882 0.319336 0.00464346 3 1 0
0.0046102 0.319037 0.00465795 3 1 0
0.00461157 0.31874 0.0046724 3 1 0
0.00461293 0.318445 0.0046868 3 1 0
0.00461428 0.318152 0.0047012 3 1 0
0.00461561 0.317861 0.0047155 3 1 0
0.00461694 0.317572 0.00472976 3 1 0
0.00461825 0.317285 0.00474388 3 1 0
0.00461954 0.317001 0.004758 3 1 0
0.00462083 0.316718 0.00477206 3 1 0
0.0046221 0.316438 0.004786 3 1 0
0.00462335 0.316161 0.0047999 3 1 0
0.00462459 0.315885 0.00481372 3 1 0
0.00462582 0.315613 0.00482746 3 1 0
0.00462703 0.315343 0.0048411 3 1 0
0.00462822 0.315075 0.00485465 3 1 0
0.0046294 0.314811 0.00486807 3 1 0
0.00463055 0.314549 0.0048814 3 1 0
0.0046317 0.314291 0.00489462 3 1 0
0.00463282 0.314035 0.00490769 3 1 0
0.00463392 0.313783 0.00492065 3 1 0
0.004635 0.313534 0.00493348 3 1 0
0.00463607 0.313289 0.0049462 3 1 0
0.00463711 0.313047 0.00495873 3 1 0
0.00463813 0.312809 0.00497111 3 1 0
0.00463913 0.312575 0.00498344 3 1 0
0.0046401 0.312345 0.00499548 3 1 0
0.00464105 0.312119 0.00500734 3 1 0
0.00464197 0.311897 0.00501881 3 1 0
0.00464287 0.311679 0.00503026 3 1 0
0.00464374 0.311467 0.0050415 3 1 0
0.00464459 0.311259 0.00505247 3 1 0
0.0046454 0.311056 0.00506324 3 1 0
0.00464619 0.310858 0.00507377 3 1 0
0.00464694 0.310665 0.00508406 3 1 0
0.00464767 0.310478 0.00509406 3 1 0
0.00464836 0.310297 0.00510378 3 1 0
0.00464901 0.310122 0.00511317 3 1 0
0.00464963 0.309953 0.00512228 3 1 0
0.00465022 0.30979 0.00513108 3 1 0
0.00465077 0.309633 0.00513952 3 1 0
0.00465128 0.309483 0.00514763 3 1 0
0.00465175 0.309341 0.00515538 3 1 0
0.00465218 0.309205 0.00516275 3 1 0
0.00465256 0.309078 0.00516973 3 1 0
0.00465291 0.308957 0.00517632 3 1 0
0.00465321 0.308843 0.00518248 3 1 0
0.00465347 0.308738 0.00518822 3 1 0
0.00465368 0.308642 0.00519352 3 1 0
0.00465384 0.308554 0.00519836 3 1 0
0.00465396 0.308475 0.00520274 3 1 0
0.00465402 0.308405 0.00520664 3 1 0
0.00465404 0.308343 0.00521015 3 1 0
0.00465401 0.308292 0.00521307 3 1 0
0.00465393 0.308249 0.00521549 3 1 0
0.0046538 0.308217 0.00521737 3 1 0
0.00465362 0.308194 0.00521877 3 1 0
0.00465338 0.30818 0.00521965 3 1 0
0.0046531 0.308177 0.00521996 3 1 0
0.00465276 0.308183 0.00521979 3 1 0
0.00465238 0.308198 0.00521911 3 1 0
0.00465194 0.308224 0.00521791 3 1 0
0.00465145 0.308258 0.00521618 3 1 0
0.00465092 0.308302 0.00521393 3 1 0
0.00465033 0.308355 0.00521117 3 1 0
0.0046497 0.308418 0.00520791 3 1 0
0.00464902 0.30849 0.00520415 3 1 0
0.0046483 0.30857 0.0051999 3 1 0
0.00464753 0.30866 0.00519517 3 1 0
0.00464671 0.308758 0.00518998 3 1 0
0.00464585 0.308865 0.00518435 3 1 0
0.00464496 0.30898 0.00517826 3 1 0
0.00464402 0.309103 0.00517174 3 1 0
0.00464304 0.309235 0.00516483 3 1 0
0.00464202 0.309374 0.00515748 3 1 0
0.00464097 0.30952 0.00514974 3 1 0
0.00463988 0.309674 0.00514162 3 1 0
0.00463876 0.309834 0.00513314 3 1 0
0.00463761 0.310001 0.00512431 3 1 0
0.00463642 0.310175 0.00511517 3 1 0
0.0046352 0.310355 0.00510569 3 1 0
0.00463396 0.310541 0.00509589 3 1 0
0.00462772 0.311499 0.00504597 3 1 0
0.00462632 0.311718 0.00503463 3 1 0
0.00462633 0.311719 0.00503459 4 1 0
0.00462492 0.31194 0.00502301 3 1 0
0.00462347 0.312167 0.00501123 3 1 0
0.00462202 0.3124 0.00499924 3 1 0
0.00462054 0.312639 0.0049871 3 1 0
0.00461905 0.312879 0.00497472 3 1 0
0.00461754 0.313122 0.00496217 3 1 0
0.00461601 0.313373 0.00494971 3 1 0
0.00461446 0.313627 0.00493681 3 1 0
0.0046129 0.313885 0.00492377 3 1 0
0.00461132 0.314143 0.00491045 3 1 0
0.00460973 0.314408 0.00489713 3 1 0
0.00460813 0.314675 0.00488368 3 1 0
0.00460651 0.314943 0.00487018 3 1 0
0.00460487 0.315217 0.00485648 3 1 0
0.00460323 0.315494 0.00484268 3 1 0
0.00460157 0.315773 0.00482893 3 1 0
0.00459991 0.316055 0.00481492 3 1 0
0.00459823 0.31634 0.00480081 3 1 0
0.00459654 0.316627 0.00478644 3 1 0
0.00459484 0.316917 0.00477218 3 1 0
0.00459313 0.317209 0.00475785 3 1 0
0.00459141 0.317503 0.00474354 3 1 0
0.00458968 0.3178 0.00472908 3 1 0
0.00458794 0.318099 0.00471455 3 1 0
0.0045862 0.318398 0.00469991 3 1 0
0.00458445 0.318702 0.00468523 3 1 0
0.00458268 0.319008 0.0046705 3 1 0
0.00458092 0.319311 0.00465569 3 1 0
0.00457914 0.319622 0.00464087 3 1 0
0.00457736 0.319934 0.004626 3 1 0
0.00457557 0.320243 0.00461115 3 1 0
0.00457377 0.32056 0.0045962 3 1 0
0.00457197 0.320878 0.00458123 3 1 0
0.00457016 0.321193 0.00456632 3 1 0
0.00456834 0.321514 0.00455128 3 1 0
0.00456652 0.321837 0.00453621 3 1 0
0.0045647 0.322161 0.00452106 3 1 0
0.00456286 0.322484 0.00450595 3 1 0
0.00456103 0.322809 0.00449083 3 1 0
0.00455919 0.323142 0.00447572 3 1 0
0.00455734 0.32347 0.00446056 3 1 0
0.00455549 0.323799 0.0044454 3 1 0
0.00455363 0.324133 0.00443032 3 1 0
0.00455177 0.324465 0.00441513 3 1 0
0.00454991 0.324798 0.00439994 3 1 0
0.00454804 0.325138 0.00438471 3 1 0
0.00454617 0.325475 0.00436951 3 1 0
0.00454429 0.325813 0.00435431 3 1 0
0.00454241 0.326152 0.00433916 3 1 0
0.00454053 0.326493 0.00432396 3 1 0
0.00453864 0.326836 0.00430876 3 1 0
0.00453675 0.327176 0.00429352 3 1 0
0.00453485 0.327521 0.00427834 3 1 0
0.00453296 0.327867 0.00426317 3 1 0
0.00453106 0.328214 0.00424801 3 1 0
0.00452915 0.328562 0.00423285 3 1 0
0.00452725 0.32891 0.0042177 3 1 0
0.00452534 0.329257 0.0042026 3 1 0
0.00452342 0.329607 0.00418747 3 1 0
0.00452151 0.329957 0.00417235 3 1 0
0.00451959 0.330307 0.0041573 3 1 0
0.00451767 0.33066 0.00414221 3 1 0
0.00451575 0.331016 0.00412714 3 1 0
0.00451383 0.331369 0.0041122 3 1 0
0.0045119 0.331727 0.00409715 3 1 0
0.00450997 0.332086 0.00408212 3 1 0
0.00450804 0.332441 0.00406721 3 1 0
0.0045061 0.3328 0.00405222 3 1 0
0.00450417 0.333161 0.00403725 3 1 0
0.00450223 0.333521 0.0040224 3 1 0
0.00450029 0.333884 0.00400747 3 1 0
0.00449835 0.334247 0.00399257 3 1 0
0.00449641 0.334611 0.00397779 3 1 0
0.00449446 0.334975 0.00396293 3 1 0
0.00449251 0.335341 0.0039481 3 1 0
0.00449056 0.335704 0.00393322 3 1 0
0.00448861 0.336071 0.00391845 3 1 0
0.00448666 0.336439 0.0039037 3 1 0
0.00448471 0.336804 0.00388896 3 1 0
0.00448275 0.337173 0.00387427 3 1 0
0.0044808 0.337543 0.00385961 3 1 0
0.00447884 0.337914 0.00384499 3 1 0
0.00447688 0.338284 0.00383038 3 1 0
0.00447492 0.338655 0.00381581 3 1 0
0.00447296 0.339026 0.00380131 3 1 0
0.00447099 0.339398 0.00378679 3 1 0
0.00446903 0.33977 0.00377231 3 1 0
0.00446706 0.340146 0.00375785 3 1 0
0.0044651 0.34052 0.00374343 3 1 0
0.00446313 0.340894 0.00372905 3 1 0
0.00446116 0.341272 0.00371472 3 1 0
0.00445919 0.341648 0.0037004 3 1 0
0.00445722 0.342025 0.00368611 3 1 0
0.00445525 0.342403 0.00367188 3 1 0
0.00445328 0.342781 0.00365766 3 1 0
0.0044513 0.343159 0.00364347 3 1 0
0.00444933 0.343539 0.00362934 3 1 0
0.00444735 0.343918 0.00361522 3 1 0
0.00444538 0.344298 0.00360113 3 1 0
0.0044434 0.344681 0.00358711 3 1 0
0.00444142 0.345062 0.0035731 3 1 0
0.00443945 0.345443 0.00355911 3 1 0
0.00443747 0.345826 0.00354523 3 1 0
0.00443549 0.346209 0.00353132 3 1 0
0.00443351 0.346591 0.00351744 3 1 0
0.00443153 0.346981 0.00350358 3 1 0
0.00442954 0.347365 0.00348977 3 1 0
0.00442756 0.34775 0.00347601 3 1 0
0.00442558 0.348138 0.00346229 3 1 0
0.0044236 0.348525 0.0034486 3 1 0
0.00442161 0.348912 0.00343495 3 1 0
0.00441963 0.3493 0.00342135 3 1 0
0.00441765 0.349688 0.00340777 3 1 0
0.00441566 0.350077 0.00339423 3 1 0
0.00441368 0.350466 0.00338077 3 1 0
0.00441169 0.350856 0.0033673 3 1 0
0.0044097 0.351247 0.00335387 3 1 0
0.00440772 0.351637 0.00334056 3 1 0
0.00440573 0.352029 0.0033272 3 1 0
0.00440375 0.352421 0.00331388 3 1 0
0.00440176 0.352813 0.00330079 3 1 0
0.00439977 0.353206 0.00328753 3 1 0
0.00439778 0.353599 0.00327432 3 1 0
0.0043958 0.353992 0.00326095 3 1 0
0.00439381 0.354387 0.00324783 3 1 0
0.00439182 0.354781 0.00323476 3 1 0
0.00438983 0.355176 0.00322176 3 1 0
0.00438785 0.355571 0.00320877 3 1 0
0.00438586 0.355967 0.00319582 3 1 0
0.00438387 0.356363 0.003183 3 1 0
0.00438188 0.35676 0.0031701 3 1 0
0.00437989 0.357158 0.00315724 3 1 0
0.0043779 0.357554 0.00314434 3 1 0
0.00437592 0.357953 0.00313157 3 1 0
0.00437393 0.358352 0.00311884 3 1 0
0.00437194 0.35875 0.00310614 3 1 0
0.00436995 0.35915 0.00309349 3 1 0
0.00436796 0.35955 0.00308089 3 1 0
0.00436598 0.35995 0.00306832 3 1 0
0.00436399 0.360351 0.0030558 3 1 0
0.004362 0.360752 0.00304331 3 1 0
0.00436002 0.361154 0.00303087 3 1 0
0.00435803 0.361555 0.00301846 3 1 0
0.00435604 0.361957 0.0030061 3 1 0
0.00435405 0.36236 0.00299378 3 1 0
0.00435207 0.362762 0.00298149 3 1 0
0.00435008 0.363165 0.00296924 3 1 0
0.0043481 0.36357 0.00295704 3 1 0
0.00434611 0.363974 0.00294487 3 1 0
0.00434413 0.364378 0.00293275 3 1 0
0.00434214 0.364783 0.00292067 3 1 0
0.00434016 0.365188 0.00290863 3 1 0
0.00433817 0.365594 0.00289662 3 1 0
0.00433619 0.366 0.00288465 3 1 0
0.00433421 0.366405 0.00287273 3 1 0
0.00433222 0.366811 0.00286085 3 1 0
0.00433024 0.367216 0.00284901 3 1 0
0.00432826 0.367622 0.0028372 3 1 0
0.00432628 0.368028 0.00282544 3 1 0
0.0043243 0.368434 0.00281374 3 1 0
0.00432232 0.368842 0.00280205 3 1 0
0.00432034 0.369253 0.00279041 3 1 0
0.00431836 0.369663 0.00277887 3 1 0
0.00431638 0.370074 0.0027673 3 1 0
0.0043144 0.370485 0.00275577 3 1 0
0.00431243 0.370895 0.00274434 3 1 0
0.00431045 0.371306 0.00273289 3 1 0
0.00430847 0.371717 0.00272147 3 1 0
0.0043065 0.372126 0.00271012 3 1 0
0.00430452 0.372538 0.00269879 3 1 0
0.00430255 0.37295 0.0026875 3 1 0
0.00430058 0.373362 0.00267632 3 1 0
0.0042986 0.373775 0.00266511 3 1 0
0.00429663 0.374187 0.00265394 3 1 0
0.00429466 0.3746 0.00264296 3 1 0
0.00429269 0.375013 0.00263187 3 1 0
0.00429072 0.375426 0.00262081 3 1 0
0.00428875 0.37584 0.00260977 3 1 0
0.00428679 0.376253 0.00259882 3 1 0
0.00428482 0.376666 0.00258792 3 1 0
0.00428285 0.377081 0.00257704 3 1 0
0.00428089 0.377496 0.00256618 3 1 0
0.00427893 0.377911 0.00255537 3 1 0
0.00427696 0.378326 0.00254461 3 1 0
0.004275 0.378741 0.00253388 3 1 0
0.00427304 0.379157 0.00252318 3 1 0
0.00427108 0.379571 0.0025125 3 1 0
0.00426912 0.379988 0.00250189 3 1 0
0.00426716 0.380404 0.00249132 3 1 0
0.00426521 0.38082 0.00248077 3 1 0
0.00426325 0.381237 0.00247029 3 1 0
0.0042613 0.381655 0.00245984 3 1 0
0.00425935 0.382071 0.00244944 3 1 0
0.00425739 0.382489 0.00243907 3 1 0
0.00425544 0.382907 0.00242874 3 1 0
0.00425349 0.383324 0.00241848 3 1 0
0.00425154 0.383742 0.00240823 3 1 0
0.0042496 0.384161 0.00239802 3 1 0
0.00424765 0.384578 0.00238791 3 1 0
0.00424571 0.384996 0.00237778 3 1 0
0.00424376 0.385413 0.00236769 3 1 0
0.00424182 0.385831 0.00235768 3 1 0
0.00423988 0.386248 0.00234766 3 1 0
0.00423794 0.386665 0.00233769 3 1 0
0.004236 0.387087 0.00232775 3 1 0
0.00423407 0.387504 0.00231785 3 1 0
0.00423213 0.387923 0.002308 3 1 0
0.0042302 0.388347 0.00229815 3 1 0
0.00422827 0.388765 0.00228838 3 1 0
0.00422634 0.389183 0.00227864 3 1 0
0.00422441 0.389606 0.00226895 3 1 0
0.00422248 0.390024 0.00225929 3 1 0
0.00422056 0.390446 0.00224967 3 1 0
0.00421863 0.390867 0.0022401 3 1 0
0.00421671 0.39129 0.00223056 3 1 0
0.00421479 0.391712 0.00222106 3 1 0
0.00421287 0.392136 0.00221162 3 1 0
0.00421096 0.392558 0.00220219 3 1 0
0.00420904 0.39298 0.00219281 3 1 0
0.00420713 0.393402 0.0021835 3 1 0
0.00420521 0.393823 0.00217419 3 1 0
0.0042033 0.394244 0.00216491 3 1 0
0.0042014 0.394666 0.00215573 3 1 0
0.00419949 0.395087 0.00214653 3 1 0
0.00419759 0.395507 0.00213738 3 1 0
0.00419568 0.39593 0.00212834 3 1 0
0.00419378 0.396351 0.00211926 3 1 0
0.00419189 0.396771 0.00211021 3 1 0
0.00418999 0.397196 0.00210117 3 1 0
0.0041881 0.397616 0.0020922 3 1 0
0.00418621 0.398037 0.00208328 3 1 0
0.00418432 0.398461 0.0020744 3 1 0
0.00418243 0.398881 0.00206555 3 1 0
0.00418054 0.399302 0.00205674 3 1 0
0.00417866 0.399727 0.00204799 3 1 0
0.00417678 0.400147 0.00203926 3 1 0
0.0041749 0.400567 0.00203056 3 1 0
0.00417302 0.400992 0.00202194 3 1 0
0.00417115 0.401413 0.00201332 3 1 0
0.00416928 0.401833 0.00200473 3 1 0
0.00416741 0.402254 0.00199629 3 1 0
0.00416554 0.402673 0.00198778 3 1 0
0.00416368 0.403097 0.00197931 3 1 0
0.00416182 0.403517 0.00197096 3 1 0
0.00415996 0.403941 0.00196259 3 1 0
0.0041581 0.404364 0.00195425 3 1 0
0.00415625 0.404786 0.00194594 3 1 0
0.0041544 0.405205 0.00193765 3 1 0
0.00415255 0.405624 0.00192941 3 1 0
0.00415071 0.406049 0.00192117 3 1 0
0.00414887 0.406472 0.001913 3 1 0
0.00414703 0.406894 0.00190487 3 1 0
0.00414519 0.40731 0.00189674 3 1 0
0.00414336 0.407729 0.00188869 3 1 0
0.00414153 0.408151 0.00188068 3 1 0
0.0041397 0.40857 0.00187273 3 1 0
0.00413788 0.40899 0.00186479 3 1 0
0.00413605 0.409412 0.00185689 3 1 0
0.00413424 0.409835 0.00184911 3 1 0
0.00413242 0.410256 0.00184129 3 1 0
0.00413061 0.410677 0.0018335 3 1 0
0.0041288 0.411096 0.00182585 3 1 0
0.004127 0.411515 0.00181814 3 1 0
0.0041252 0.411934 0.00181046 3 1 0
0.0041234 0.412351 0.00180276 3 1 0
0.00412161 0.41277 0.00179516 3 1 0
0.00411982 0.413188 0.0017876 3 1 0
0.00411803 0.413604 0.00178006 3 1 0
0.00411625 0.414022 0.00177258 3 1 0
0.00411447 0.414439 0.00176514 3 1 0
0.00411269 0.414855 0.00175773 3 1 0
0.00411092 0.415272 0.00175037 3 1 0
0.00410915 0.415688 0.00174304 3 1 0
0.00410739 0.416102 0.00173576 3 1 0
0.00410563 0.416517 0.00172851 3 1 0
0.00410388 0.416932 0.00172129 3 1 0
0.00410212 0.417344 0.00171415 3 1 0
0.00410038 0.417758 0.00170701 3 1 0
0.00409864 0.418172 0.00169991 3 1 0
0.0040969 0.418583 0.00169284 3 1 0
0.00409516 0.418996 0.00168582 3 1 0
0.00409344 0.419408 0.00167883 3 1 0
0.00409171 0.419818 0.00167188 3 1 0
0.00408999 0.42023 0.00166498 3 1 0
0.00408828 0.42064 0.00165811 3 1 0
0.00408657 0.421049 0.00165128 3 1 0
0.00408486 0.421458 0.00164449 3 1 0
0.00408316 0.421867 0.00163774 3 1 0
0.00408147 0.422273 0.00163103 3 1 0
0.00407978 0.422681 0.00162435 3 1 0
0.0040781 0.423087 0.00161772 3 1 0
0.00407642 0.423492 0.00161114 3 1 0
0.00407474 0.423897 0.00160458 3 1 0
0.00407308 0.424301 0.00159806 3 1 0
0.00407141 0.424704 0.0015916 3 1 0
0.00406976 0.425107 0.00158516 3 1 0
0.00406811 0.425508 0.00157876 3 1 0
0.00406646 0.425909 0.00157239 3 1 0
0.00406482 0.426309 0.00156606 3 1 0
0.00406319 0.426708 0.00155978 3 1 0
0.00406156 0.427105 0.00155354 3 1 0
0.00405994 0.427503 0.00154734 3 1 0
0.00405833 0.4279 0.00154117 3 1 0
0.00405672 0.428294 0.00153506 3 1 0
0.00405512 0.428689 0.00152897 3 1 0
0.00405353 0.429082 0.00152293 3 1 0
0.00405194 0.429474 0.00151696 3 1 0
0.00405036 0.429866 0.00151099 3 1 0
0.00404879 0.430256 0.00150506 3 1 0
0.00404722 0.430642 0.00149924 3 1 0
0.00404567 0.43103 0.00149339 3 1 0
0.00404412 0.431417 0.00148759 3 1 0
0.00404257 0.431798 0.0014818 3 1 0
0.00404104 0.432183 0.00147608 3 1 0
0.00403951 0.432567 0.0014704 3 1 0
0.00403799 0.432948 0.00146478 3 1 0
0.00403648 0.433329 0.00145918 3 1 0
0.00403498 0.433708 0.00145363 3 1 0
0.00403348 0.434081 0.00144817 3 1 0
0.004032 0.434458 0.0014427 3 1 0
0.00403052 0.434833 0.00143727 3 1 0
0.00402906 0.435203 0.00143196 3 1 0
0.0040276 0.435575 0.00142662 3 1 0
0.00402615 0.435945 0.00142132 3 1 0
0.00402471 0.436307 0.00141606 3 1 0
0.00402328 0.436674 0.00141086 3 1 0
0.00402186 0.43704 0.00140571 3 1 0
0.00402045 0.437397 0.00140058 3 1 0
0.00401905 0.437759 0.00139552 3 1 0
0.00401766 0.438119 0.00139049 3 1 0
0.00401628 0.438473 0.00138554 3 1 0
0.00401491 0.438829 0.00138061 3 1 0
0.00401355 0.439182 0.00137573 3 1 0
0.00401221 0.439529 0.00137083 3 1 0
0.00401087 0.439879 0.00136603 3 1 0
0.00400955 0.440226 0.00136128 3 1 0
0.00400824 0.440567 0.00135664 3 1 0
0.00400694 0.440906 0.00135198 3 1 0
0.00400565 0.441243 0.00134737 3 1 0
0.00400437 0.441582 0.00134277 3 1 0
0.00400311 0.441917 0.00133826 3 1 0
0.00400186 0.442249 0.00133381 3 1 0
0.00400062 0.442573 0.00132938 3 1 0
0.0039994 0.442901 0.00132501 3 1 0
0.00399819 0.443225 0.0013207 3 1 0
0.003997 0.443548 0.00131641 3 1 0
0.00399581 0.443864 0.0013122 3 1 0
0.00399465 0.444177 0.00130804 3 1 0
0.00399349 0.444493 0.00130397 4 1 0
0.00399235 0.4448 0.00129992 3 1 0
0.00399123 0.445102 0.00129594 4 1 0
0.00399013 0.445408 0.00129198 3 1 0
0.00398903 0.445705 0.0012881 4 1 0
0.00398796 0.446 0.00128426 3 1 0
0.0039869 0.446294 0.00128047 4 1 0
0.00398586 0.446582 0.00127674 3 1 0
0.00398484 0.446864 0.0012731 3 1 0
0.00398383 0.447149 0.00126948 3 1 0
0.00398284 0.447425 0.00126593 4 1 0
0.00398186 0.447699 0.00126242 3 1 0
0.00398091 0.447962 0.00125907 4 1 0
0.00397997 0.448228 0.00125568 3 1 0
0.00397906 0.448486 0.00125239 4 1 0
0.00397816 0.448746 0.00124909 3 1 0
0.00397728 0.448998 0.00124589 4 1 0
0.00397641 0.449247 0.00124274 3 1 0
0.00397678 0.449151 0.001244 3 1 0
0.00397592 0.449398 0.00124088 3 1 0
0.00397507 0.449641 0.00123783 3 1 0
0.00397426 0.449882 0.00123483 3 1 0
0.00397346 0.450116 0.0012319 3 1 0
0.00397269 0.450345 0.00122903 3 1 0
0.00397193 0.450566 0.00122627 3 1 0
0.0039712 0.450786 0.00122353 3 1 0
0.00397049 0.451001 0.00122085 3 1 0
0.0039698 0.451216 0.00121821 3 1 0
0.00396913 0.451421 0.00121566 3 1 0
0.00396848 0.451621 0.00121317 3 1 0
0.00396786 0.451819 0.00121075 3 1 0
0.00396725 0.452009 0.0012084 3 1 0
0.00396667 0.452194 0.00120611 3 1 0
0.00396612 0.452374 0.00120391 3 1 0
0.00396558 0.452548 0.00120177 3 1 0
0.00396507 0.452717 0.00119968 3 1 0
0.00396459 0.452883 0.00119769 3 1 0
0.00396412 0.453041 0.00119575 3 1 0
0.00396368 0.453193 0.00119387 3 1 0
0.00396327 0.453341 0.00119205 3 1 0
0.00396288 0.453483 0.00119032 3 1 0
0.00396251 0.453618 0.00118865 3 1 0
0.00396217 0.453751 0.00118707 3 1 0
0.00396185 0.453875 0.00118555 3 1 0
0.00396156 0.453993 0.00118409 3 1 0
0.0039613 0.454101 0.0011828 3 1 0
0.00396105 0.454208 0.00118149 3 1 0
0.00396084 0.454309 0.00118025 3 1 0
0.00396065 0.454406 0.00117903 3 1 0
0.00396048 0.454494 0.00117793 3 1 0
0.00396034 0.454576 0.00117691 3 1 0
0.00396022 0.454654 0.00117596 3 1 0
0.00396013 0.454724 0.00117508 3 1 0
0.00396007 0.454788 0.00117428 3 1 0
0.00396003 0.454847 0.00117359 3 1 0
0.00396001 0.454899 0.00117292 3 1 0
0.00396002 0.454945 0.00117233 3 1 0
0.00396006 0.454984 0.00117181 3 1 0
0.00396012 0.455018 0.00117137 3 1 0
0.00396021 0.455045 0.00117099 3 1 0
0.00396032 0.455064 0.00117069 3 1 0
0.00396046 0.455079 0.00117045 3 1 0
0.00396062 0.455088 0.00117028 3 1 0
0.00396081 0.455096 0.00117015 3 1 0
0.00396102 0.455094 0.00117012 3 1 0
0.00396125 0.455085 0.00117017 3 1 0
0.00396151 0.455064 0.00117035 3 1 0
0.0039618 0.455044 0.00117053 3 1 0
0.00396211 0.455017 0.00117078 3 1 0
0.00396244 0.454989 0.00117108 3 1 0
0.00396279 0.45495 0.00117148 3 1 0
0.00396317 0.454906 0.00117194 3 1 0
0.00396358 0.454854 0.00117246 3 1 0
0.003964 0.454798 0.00117306 3 1 0
0.00396445 0.454737 0.00117372 3 1 0
0.00396492 0.454677 0.00117445 3 1 0
0.00396541 0.454605 0.00117524 3 1 0
0.00396593 0.454527 0.00117608 3 1 0
0.00396646 0.454448 0.00117703 3 1 0
0.00396702 0.454359 0.00117801 3 1 0
0.0039676 0.454266 0.00117905 3 1 0
0.0039682 0.454166 0.00118012 3 1 0
0.00396882 0.454062 0.00118129 3 1 0
0.00396947 0.453953 0.00118252 3 1 0
0.00397013 0.453833 0.00118384 3 1 0
0.00397081 0.453714 0.00118519 3 1 0
0.00397151 0.453591 0.0011866 3 1 0
0.00397223 0.453459 0.0011881 3 1 0
0.00397297 0.453326 0.00118963 3 1 0
0.00397373 0.453188 0.00119122 3 1 0
0.00397451 0.453044 0.00119287 3 1 0
0.00397531 0.452897 0.00119457 3 1 0
0.00397612 0.452745 0.00119632 3 1 0
0.00397696 0.452581 0.00119808 3 1 0
0.00397781 0.45242 0.00119995 3 1 0
0.00397867 0.452255 0.00120188 3 1 0
0.00397956 0.452086 0.00120393 3 1 0
0.00398046 0.451913 0.00120597 3 1 0
0.00398138 0.451736 0.00120805 3 1 0
0.00398231 0.451554 0.00121021 3 1 0
0.00398326 0.451368 0.00121241 3 1 0
0.00398422 0.451179 0.00121465 3 1 0
0.0039852 0.450982 0.00121695 3 1 0
0.0039862 0.450786 0.0012193 3 1 0
0.00398721 0.450585 0.0012217 3 1 0
0.00398824 0.450378 0.0012241 3 1 0
0.00398928 0.45017 0.00122661 3 1 0
0.00399033 0.449958 0.00122916 3 1 0
0.0039914 0.449741 0.00123182 3 1 0
0.00399248 0.449523 0.00123447 3 1 0
0.00399358 0.449301 0.00123716 3 1 0
0.00399469 0.449076 0.00123993 3 1 0
0.00399581 0.448847 0.00124272 3 1 0
0.00399694 0.448616 0.00124555 3 1 0
0.00399809 0.448381 0.00124842 3 1 0
0.00399925 0.448143 0.00125135 3 1 0
0.00400042 0.447901 0.00125433 3 1 0
0.0040016 0.447656 0.00125733 3 1 0
0.0040028 0.447409 0.00126039 3 1 0
0.00400401 0.447159 0.0012635 3 1 0
0.00400522 0.446906 0.00126673 3 1 0
0.00400645 0.446649 0.00126993 3 1 0
0.00400769 0.44639 0.00127317 3 1 0
0.00400895 0.446129 0.00127643 3 1 0
0.00401021 0.445865 0.00127976 3 1 0
0.00401148 0.445598 0.00128313 3 1 0
0.00401276 0.445328 0.00128654 3 1 0
0.00401405 0.445056 0.00128999 3 1 0
0.00401536 0.444782 0.00129349 3 1 0
0.00401667 0.444505 0.001297 3 1 0
0.00401799 0.444226 0.00130058 3 1 0
0.00401932 0.443945 0.0013042 3 1 0
0.00402066 0.443661 0.0013079 3 1 0
0.00402201 0.443375 0.0013116 3 1 0
0.00402337 0.443086 0.00131534 3 1 0
0.00402474 0.442796 0.00131913 3 1 0
0.00402611 0.442503 0.00132295 3 1 0
0.0040275 0.442208 0.00132681 3 1 0
0.00402889 0.441911 0.0013307 3 1 0
0.00403029 0.441612 0.00133464 3 1 0
0.0040317 0.44131 0.00133861 3 1 0
0.00403312 0.441009 0.00134262 3 1 0
0.00403454 0.440704 0.00134667 3 1 0
0.00403597 0.440397 0.00135077 3 1 0
0.00403741 0.440093 0.00135493 3 1 0
0.00403886 0.439783 0.00135911 3 1 0
0.00404031 0.439471 0.00136332 3 1 0
0.00404178 0.439153 0.00136753 3 1 0
0.00404324 0.438837 0.00137182 3 1 0
0.00404472 0.438519 0.00137614 3 1 0
0.0040462 0.438202 0.00138049 3 1 0
0.00404769 0.437881 0.00138488 3 1 0
0.00404919 0.437558 0.00138931 3 1 0
0.00405069 0.437238 0.00139378 3 1 0
0.0040522 0.436916 0.00139828 3 1 0
0.00405371 0.436591 0.00140282 3 1 0
0.00405523 0.436261 0.00140739 3 1 0
0.00405676 0.435934 0.00141201 3 1 0
0.00405829 0.435605 0.00141665 3 1 0
0.00405983 0.435271 0.00142134 3 1 0
0.00406138 0.434939 0.00142606 3 1 0
0.00406293 0.434607 0.00143081 3 1 0
0.00406448 0.434271 0.00143561 3 1 0
0.00406605 0.433935 0.00144043 3 1 0
0.00406761 0.433599 0.00144529 3 1 0
0.00406919 0.433259 0.00145019 3 1 0
0.00407076 0.432919 0.00145512 3 1 0
0.00407235 0.432579 0.00146009 3 1 0
0.00407393 0.432235 0.00146509 3 1 0
0.00407553 0.431892 0.00147012 3 1 0
0.00407713 0.431548 0.0014752 3 1 0
0.00407873 0.4312 0.00148031 3 1 0
0.00408034 0.430854 0.00148545 3 1 0
0.00408195 0.430506 0.00149062 3 1 0
0.00408356 0.430158 0.00149584 3 1 0
0.00408519 0.429808 0.00150109 3 1 0
0.00408681 0.429457 0.00150636 3 1 0
0.00408844 0.429105 0.00151168 3 1 0
0.00409008 0.428752 0.00151702 3 1 0
0.00409172 0.428397 0.00152241 3 1 0
0.00409336 0.428042 0.00152782 3 1 0
0.00409501 0.427686 0.00153327 3 1 0
0.00409666 0.427329 0.00153876 3 1 0
0.00409831 0.426972 0.00154428 3 1 0
0.00409997 0.426613 0.00154984 3 1 0
0.00410164 0.426253 0.00155543 3 1 0
0.0041033 0.425893 0.00156105 3 1 0
0.00410498 0.425531 0.00156671 3 1 0
0.00410665 0.425169 0.0015724 3 1 0
0.00410833 0.424806 0.00157813 3 1 0
0.00411001 0.424441 0.00158389 3 1 0
0.0041117 0.424076 0.00158968 3 1 0
0.00411339 0.423714 0.00159551 3 1 0
0.00411508 0.423347 0.00160137 3 1 0
0.00411678 0.42298 0.00160727 3 1 0
0.00411847 0.422614 0.0016132 3 1 0
0.00412018 0.422246 0.00161916 3 1 0
0.00412188 0.421877 0.00162516 3 1 0
0.00412359 0.421508 0.00163119 3 1 0
0.00412531 0.421137 0.00163726 3 1 0
0.00412702 0.420766 0.00164336 3 1 0
0.00412874 0.420397 0.0016495 3 1 0
0.00413046 0.420024 0.00165567 3 1 0
0.00413219 0.419651 0.00166187 3 1 0
0.00413391 0.419279 0.00166811 3 1 0
0.00413564 0.418904 0.00167438 3 1 0
0.00413738 0.418529 0.00168068 3 1 0
0.00413911 0.418151 0.00168702 3 1 0
0.00414085 0.417774 0.0016934 3 1 0
0.00414259 0.417399 0.00169981 3 1 0
0.00414434 0.41703 0.00170625 3 1 0
0.00414608 0.416652 0.00171273 3 1 0
0.00414783 0.416273 0.00171924 3 1 0
0.00414958 0.415898 0.00172578 3 1 0
0.00415134 0.415518 0.00173236 3 1 0
0.0041531 0.415138 0.00173898 3 1 0
0.00415485 0.414761 0.00174563 3 1 0
0.00415662 0.41438 0.00175232 3 1 0
0.00415838 0.413998 0.00175904 3 1 0
0.00416015 0.413619 0.00176584 3 1 0
0.00416192 0.413236 0.00177264 3 1 0
0.00416369 0.412855 0.00177946 3 1 0
0.00416546 0.412481 0.00178631 3 1 0
0.00416723 0.412098 0.00179321 3 1 0
0.00416901 0.411715 0.00180015 3 1 0
0.00417079 0.411335 0.00180709 3 1 0
0.00417257 0.410951 0.0018141 3 1 0
0.00417436 0.410566 0.00182114 3 1 0
0.00417614 0.410186 0.00182828 3 1 0
0.00417793 0.409801 0.00183539 3 1 0
0.00417972 0.409416 0.00184254 3 1 0
0.00418151 0.409033 0.00184967 3 1 0
0.0041833 0.408647 0.00185688 3 1 0
0.0041851 0.408261 0.00186413 3 1 0
0.00418689 0.407872 0.00187133 3 1 0
0.00418869 0.407485 0.00187865 3 1 0
0.00419049 0.407097 0.001886 3 1 0
0.0041923 0.406717 0.0018933 3 1 0
0.0041941 0.406329 0.00190073 3 1 0
0.0041959 0.40594 0.00190818 3 1 0
0.00419771 0.405555 0.00191562 3 1 0
0.00419952 0.405166 0.00192315 3 1 0
0.00420133 0.404777 0.00193071 3 1 0
0.00420314 0.404393 0.00193829 3 1 0
0.00420496 0.404004 0.00194592 3 1 0
0.00420677 0.403614 0.00195359 3 1 0
0.00420859 0.403226 0.0019613 3 1 0
0.0042104 0.402836 0.00196904 3 1 0
0.00421222 0.402445 0.00197682 3 1 0
0.00421404 0.402058 0.0019846 3 1 0
0.00421587 0.401667 0.00199244 3 1 0
0.00421769 0.401278 0.00200033 3 1 0
0.00421951 0.400894 0.00200825 3 1 0
0.00422134 0.400503 0.00201621 3 1 0
0.00422317 0.400111 0.0020242 3 1 0
0.00422499 0.399724 0.00203218 3 1 0
0.00422682 0.399333 0.00204024 3 1 0
0.00422865 0.398941 0.00204834 3 1 0
0.00423048 0.398552 0.00205641 3 1 0
0.00423232 0.398159 0.00206458 3 1 0
0.00423415 0.397767 0.00207279 3 1 0
0.00423599 0.397379 0.00208101 3 1 0
0.00423782 0.396986 0.00208929 3 1 0
0.00423966 0.396594 0.0020976 3 1 0
0.0042415 0.396204 0.00210589 3 1 0
0.00424334 0.395815 0.00211428 3 1 0
0.00424518 0.395425 0.0021227 3 1 0
0.00424702 0.395031 0.00213111 3 1 0
0.00424886 0.394641 0.0021396 3 1 0
0.0042507 0.394251 0.00214813 3 1 0
0.00425254 0.393854 0.00215668 3 1 0
0.00425439 0.393464 0.00216528 3 1 0
0.00425623 0.393074 0.00217392 3 1 0
0.00425808 0.392679 0.00218258 3 1 0
0.00425993 0.392289 0.0021913 3 1 0
0.00426177 0.391898 0.00220005 3 1 0
0.00426362 0.391504 0.00220887 3 1 0
0.00426547 0.391111 0.0022177 3 1 0
0.00426732 0.390721 0.00222657 3 1 0
0.00426917 0.390328 0.0022354 3 1 0
0.00427102 0.389937 0.00224434 3 1 0
0.00427287 0.389547 0.00225331 3 1 0
0.00427472 0.389152 0.00226229 3 1 0
0.00427658 0.388762 0.00227134 3 1 0
0.00427843 0.388371 0.00228043 3 1 0
0.00428028 0.387976 0.00228954 3 1 0
0.00428214 0.387582 0.0022987 3 1 0
0.00428399 0.387192 0.00230791 3 1 0
0.00428585 0.386802 0.00231714 3 1 0
0.0042877 0.386408 0.00232641 3 1 0
0.00428956 0.386014 0.00233573 3 1 0
0.00429142 0.385626 0.00234508 3 1 0
0.00429327 0.385233 0.00235447 3 1 0
0.00429513 0.384839 0.0023639 3 1 0
0.00429699 0.384453 0.00237342 3 1 0
0.00429884 0.384059 0.00238293 3 1 0
0.0043007 0.383666 0.00239248 3 1 0
0.00430256 0.383281 0.00240193 3 1 0
0.00430442 0.382888 0.00241154 3 1 0
0.00430628 0.382496 0.00242118 3 1 0
0.00430814 0.382104 0.00243096 3 1 0
0.00431 0.381712 0.0024407 3 1 0
0.00431186 0.381319 0.00245048 3 1 0
0.00431372 0.380928 0.00246022 3 1 0
0.00431557 0.380536 0.00247008 3 1 0
0.00431743 0.380143 0.00247997 3 1 0
0.00431929 0.379751 0.00248984 3 1 0
0.00432115 0.379359 0.0024998 3 1 0
0.00432301 0.37897 0.00250981 3 1 0
0.00432487 0.37858 0.00251984 3 1 0
0.00432673 0.378188 0.00252992 3 1 0
0.00432859 0.377796 0.00254004 3 1 0
0.00433045 0.377409 0.00255018 3 1 0
0.00433231 0.377017 0.00256038 3 1 0
0.00433417 0.376625 0.00257063 3 1 0
0.00433603 0.376243 0.00258088 3 1 0
0.00433789 0.375852 0.0025912 3 1 0
0.00433975 0.375461 0.00260155 3 1 0
0.00434161 0.375073 0.00261189 3 1 0
0.00434347 0.374682 0.00262232 3 1 0
0.00434533 0.374292 0.0026328 3 1 0
0.00434719 0.373905 0.00264329 3 1 0
0.00434905 0.373515 0.00265384 3 1 0
0.00435091 0.373125 0.00266443 3 1 0
0.00435276 0.372739 0.00267504 3 1 0
0.00435462 0.372349 0.00268571 3 1 0
0.00435648 0.37196 0.00269642 3 1 0
0.00435834 0.371574 0.00270717 3 1 0
0.00436019 0.371186 0.00271796 3 1 0
0.00436205 0.370797 0.00272879 3 1 0
0.0043639 0.370411 0.00273972 3 1 0
0.00436576 0.370023 0.00275063 3 1 0
0.00436762 0.369635 0.00276159 3 1 0
0.00436947 0.369248 0.00277247 3 1 0
0.00437132 0.368861 0.0027835 3 1 0
0.00437318 0.368473 0.00279456 3 1 0
0.00437503 0.368088 0.00280562 3 1 0
0.00437688 0.367701 0.00281676 3 1 0
0.00437873 0.367315 0.00282795 3 1 0
0.00438059 0.366929 0.00283916 3 1 0
0.00438244 0.366543 0.00285043 3 1 0
0.00438429 0.366157 0.00286174 3 1 0
0.00438614 0.365772 0.0028731 3 1 0
0.00438798 0.365387 0.00288448 3 1 0
0.00438983 0.365001 0.00289591 3 1 0
0.00439168 0.364617 0.00290743 3 1 0
0.00439353 0.364232 0.00291895 3 1 0
0.00439537 0.363847 0.0029305 3 1 0
0.00439722 0.363465 0.0029421 3 1 0
0.00439906 0.363081 0.0029537 3 1 0
0.0044009 0.362698 0.00296534 3 1 0
0.00440275 0.362315 0.00297696 3 1 0
0.00440459 0.361932 0.00298868 3 1 0
0.00440643 0.361549 0.00300044 3 1 0
0.00440827 0.361166 0.00301235 3 1 0
0.00441011 0.360784 0.00302422 3 1 0
0.00441195 0.360401 0.00303613 3 1 0
0.00441378 0.360019 0.00304799 3 1 0
0.00441562 0.359637 0.00305998 3 1 0
0.00441745 0.359255 0.00307201 3 1 0
0.00441929 0.358874 0.00308398 3 1 0
0.00442112 0.358492 0.00309608 3 1 0
0.00442295 0.358111 0.00310823 3 1 0
0.00442478 0.357729 0.00312033 3 1 0
0.00442661 0.35735 0.00313255 3 1 0
0.00442844 0.356972 0.00314482 3 1 0
0.00443026 0.356598 0.00315702 3 1 0
0.00443209 0.35622 0.00316935 3 1 0
0.00443391 0.355842 0.00318173 3 1 0
0.00443574 0.355462 0.00319415 3 1 0
0.00443756 0.355085 0.0032066 3 1 0
0.00443938 0.354708 0.0032191 3 1 0
0.0044412 0.354329 0.0032316 3 1 0
0.00444301 0.353953 0.00324417 3 1 0
0.00444483 0.353578 0.00325678 3 1 0
0.00444664 0.353201 0.00326946 3 1 0
0.00444846 0.352826 0.00328215 3 1 0
0.00445027 0.352451 0.00329489 3 1 0
0.00445208 0.352075 0.00330774 3 1 0
0.00445388 0.351701 0.00332051 3 1 0
0.00445569 0.351327 0.00333333 3 1 0
0.0044575 0.350954 0.00334624 3 1 0
0.0044593 0.35058 0.00335917 3 1 0
0.0044611 0.350207 0.00337214 3 1 0
0.0044629 0.349835 0.00338495 3 1 0
0.0044647 0.349462 0.00339798 3 1 0
0.00446649 0.34909 0.00341106 3 1 0
0.00446829 0.348717 0.00342408 3 1 0
0.00447008 0.348346 0.00343723 3 1 0
0.00447187 0.347974 0.00345041 3 1 0
0.00447366 0.347602 0.00346359 3 1 0
0.00447544 0.347231 0.00347685 3 1 0
0.00447723 0.34686 0.00349015 3 1 0
0.00447901 0.346496 0.0035035 3 1 0
0.00448079 0.346126 0.00351687 3 1 0
0.00448257 0.345757 0.00353027 3 1 0
0.00448434 0.345391 0.00354371 3 1 0
0.00448612 0.345023 0.00355719 3 1 0
0.00448789 0.344655 0.00357071 3 1 0
0.00448966 0.34429 0.00358422 3 1 0
0.00449142 0.343923 0.00359781 3 1 0
0.00449319 0.343557 0.00361143 3 1 0
0.00449495 0.343194 0.00362508 3 1 0
0.00449671 0.342829 0.00363877 3 1 0
0.00449847 0.342464 0.0036525 3 1 0
0.00450022 0.342102 0.00366633 3 1 0
0.00450197 0.341738 0.00368013 3 1 0
0.00450372 0.341374 0.00369397 3 1 0
0.00450547 0.341017 0.00370777 3 1 0
0.00450721 0.340655 0.00372164 3 1 0
0.00450895 0.340293 0.00373553 3 1 0
0.00451069 0.339933 0.00374944 3 1 0
0.00451242 0.339572 0.00376344 3 1 0
0.00451416 0.339212 0.00377747 3 1 0
0.00451589 0.338852 0.00379142 3 1 0
0.00451761 0.338492 0.00380551 3 1 0
0.00451933 0.338136 0.00381963 3 1 0
0.00452105 0.337781 0.0038337 3 1 0
0.00452277 0.337426 0.00384788 3 1 0
0.00452448 0.337072 0.00386209 3 1 0
0.00452619 0.336717 0.00387629 3 1 0
0.0045279 0.336364 0.00389055 3 1 0
0.0045296 0.336011 0.00390485 3 1 0
0.0045313 0.335658 0.0039192 3 1 0
0.004533 0.335306 0.00393355 3 1 0
