0.004 0.427484 0.00143517 4 1 0
0.00400026 0.424329 0.0016186 3 1 0
0.00398856 0.426836 0.00157943 3 1 0
0.00398618 0.42735 0.00157155 3 1 0
0.00398379 0.42786 0.00156372 3 1 0
0.00398141 0.428369 0.00155593 3 1 0
0.00397903 0.428878 0.00154822 3 1 0
0.00397665 0.429387 0.00154051 3 1 0
0.00397427 0.429895 0.00153284 3 1 0
0.00397189 0.430401 0.00152523 3 1 0
0.00396952 0.430908 0.00151763 3 1 0
0.00396714 0.431416 0.00151008 3 1 0
0.00396477 0.431936 0.00150261 3 1 0
0.0039624 0.432446 0.00149513 3 1 0
0.00396003 0.432955 0.00148767 3 1 0
0.00395766 0.433467 0.00148021 3 1 0
0.00395529 0.433978 0.00147282 3 1 0
0.00395292 0.434488 0.00146547 3 1 0
0.00395055 0.434999 0.00145812 3 1 0
0.00394819 0.43551 0.00145085 3 1 0
0.00394582 0.43602 0.00144361 3 1 0
0.00394346 0.436533 0.00143638 3 1 0
0.0039411 0.437044 0.00142922 3 1 0
0.00393874 0.437555 0.00142209 3 1 0
0.00393638 0.438067 0.00141499 3 1 0
0.00393402 0.438579 0.00140794 3 1 0
0.00393167 0.43909 0.00140092 3 1 0
0.00392931 0.439602 0.00139395 3 1 0
0.00392696 0.440114 0.00138701 3 1 0
0.00392461 0.440627 0.0013801 3 1 0
0.00392226 0.441138 0.00137325 3 1 0
0.00391991 0.441651 0.00136642 3 1 0
0.00391756 0.442164 0.00135962 3 1 0
0.00391521 0.442675 0.0013529 3 1 0
0.00391287 0.443188 0.00134617 3 1 0
0.00391053 0.443702 0.00133948 3 1 0
0.00390818 0.444212 0.00133287 3 1 0
0.00390584 0.444727 0.00132622 3 1 0
0.0039035 0.445241 0.0013196 3 1 0
0.00390116 0.445751 0.00131297 3 1 0
0.00389883 0.446265 0.00130642 3 1 0
0.00389649 0.44678 0.00129991 3 1 0
0.00389416 0.447281 0.00129339 3 1 0
0.00389183 0.447797 0.00128695 3 1 0
0.0038895 0.448313 0.00128055 3 1 0
0.00388717 0.448824 0.00127419 3 1 0
0.00388484 0.449341 0.00126785 3 1 0
0.00388251 0.449857 0.00126154 3 1 0
0.00388019 0.450362 0.00125527 3 1 0
0.00387787 0.450879 0.00124903 3 1 0
0.00387554 0.451395 0.00124282 3 1 0
0.00387322 0.451907 0.00123665 3 1 0
0.0038709 0.452424 0.00123051 3 1 0
0.00386859 0.45294 0.0012244 3 1 0
0.00386627 0.453452 0.00121833 3 1 0
0.00386396 0.453964 0.00121229 3 1 0
0.00386165 0.454475 0.00120628 3 1 0
0.00385933 0.45499 0.00120031 3 1 0
0.00385703 0.455504 0.00119436 3 1 0
0.00385472 0.456021 0.00118845 3 1 0
0.00385241 0.456533 0.00118258 3 1 0
0.00385011 0.457045 0.00117673 3 1 0
0.00384781 0.457562 0.00117091 3 1 0
0.0038455 0.458075 0.00116515 3 1 0
0.00384321 0.458592 0.00115939 3 1 0
0.00384091 0.459109 0.00115367 3 1 0
0.00383861 0.459627 0.00114795 3 1 0
0.00383632 0.46014 0.00114226 3 1 0
0.00383402 0.460652 0.0011366 3 1 0
0.00383173 0.461169 0.00113094 3 1 0
0.00382945 0.461682 0.00112535 3 1 0
0.00382716 0.462194 0.00111978 3 1 0
0.00382487 0.462713 0.00111423 3 1 0
0.00382259 0.463226 0.00110872 3 1 0
0.00382031 0.463738 0.00110325 3 1 0
0.00381803 0.464256 0.0010978 3 1 0
0.00381575 0.464771 0.00109239 3 1 0
0.00381347 0.465286 0.001087 3 1 0
0.0038112 0.465799 0.00108166 3 1 0
0.00380892 0.466314 0.00107634 3 1 0
0.00380665 0.466827 0.00107105 3 1 0
0.00380438 0.46734 0.00106582 3 1 0
0.00380212 0.467854 0.00106059 3 1 0
0.00379985 0.468368 0.00105539 3 1 0
0.00379759 0.468876 0.00105023 3 1 0
0.00379532 0.469392 0.00104506 3 1 0
0.00379306 0.469907 0.00103992 3 1 0
0.00379081 0.47041 0.00103482 3 1 0
0.00378855 0.470927 0.00102974 3 1 0
0.0037863 0.471442 0.00102469 3 1 0
0.00378405 0.471954 0.00101968 3 1 0
0.0037818 0.47247 0.00101468 3 1 0
0.00377955 0.472984 0.00100971 3 1 0
0.0037773 0.473497 0.00100477 3 1 0
0.00377506 0.474011 0.000999853 3 1 0
0.00377281 0.474524 0.000994967 3 1 0
0.00377058 0.475037 0.000990107 3 1 0
0.00376834 0.475549 0.000985275 3 1 0
0.0037661 0.476061 0.000980471 3 1 0
0.00376387 0.476573 0.000975691 3 1 0
0.00376164 0.477084 0.000970941 3 1 0
0.00375941 0.477595 0.000966218 3 1 0
0.00375718 0.478105 0.00096152 3 1 0
0.00375495 0.478617 0.000956851 3 1 0
0.00375273 0.479129 0.000952209 3 1 0
0.00375051 0.479632 0.000947596 3 1 0
0.00374829 0.480145 0.000943007 3 1 0
0.00374608 0.480657 0.000938445 3 1 0
0.00374386 0.481159 0.000933913 3 1 0
0.00374165 0.481672 0.000929404 3 1 0
0.00373944 0.482184 0.00092492 3 1 0
0.00373723 0.482693 0.000920471 3 1 0
0.00373503 0.483204 0.00091604 3 1 0
0.00373282 0.483715 0.000911635 3 1 0
0.00373062 0.484222 0.00090729 3 1 0
0.00372843 0.484729 0.000902938 3 1 0
0.00372623 0.485234 0.00089861 3 1 0
0.00372404 0.485749 0.000894271 3 1 0
0.00372185 0.486255 0.000889971 3 1 0
0.00371966 0.486761 0.000885697 3 1 0
0.00371747 0.487273 0.000881418 3 1 0
0.00371529 0.48778 0.000877195 3 1 0
0.00371311 0.488286 0.000872998 3 1 0
0.00371093 0.488788 0.00086881 3 1 0
0.00370875 0.489296 0.000864665 3 1 0
0.00370658 0.489802 0.000860544 3 1 0
0.00370441 0.490302 0.000856448 3 1 0
0.00370224 0.490809 0.000852379 3 1 0
0.00370007 0.491315 0.000848334 3 1 0
0.00369791 0.491811 0.000844346 3 1 0
0.00369575 0.492317 0.000840353 3 1 0
0.00369359 0.492823 0.000836385 3 1 0
0.00369143 0.493316 0.000832471 3 1 0
0.00368928 0.493822 0.000828532 3 1 0
0.00368713 0.494327 0.000824616 3 1 0
0.00368498 0.494825 0.000820765 3 1 0
0.00368284 0.495329 0.000816916 3 1 0
0.0036807 0.495833 0.00081308 3 1 0
0.00367856 0.496333 0.000809257 3 1 0
0.00367642 0.496834 0.000805457 3 1 0
0.00367429 0.497336 0.00080168 3 1 0
0.00367216 0.497834 0.000797933 3 1 0
0.00367003 0.498334 0.000794202 3 1 0
0.00366791 0.498833 0.000790495 3 1 0
0.00366579 0.499331 0.000786811 3 1 0
0.00366367 0.499827 0.000783151 3 1 0
0.00366156 0.500323 0.000779513 3 1 0
0.00365944 0.500816 0.000775897 3 1 0
0.00365733 0.501309 0.000772306 3 1 0
0.00365523 0.501801 0.000768738 3 1 0
0.00365313 0.502301 0.000765188 3 1 0
0.00365103 0.502794 0.000761666 3 1 0
0.00364893 0.503285 0.000758167 3 1 0
0.00364684 0.503779 0.000754689 3 1 0
0.00364475 0.504269 0.000751236 3 1 0
0.00364266 0.504758 0.000747805 3 1 0
0.00364058 0.505248 0.000744398 3 1 0
0.0036385 0.505736 0.000741014 3 1 0
0.00363642 0.506222 0.000737651 3 1 0
0.00363435 0.506716 0.000734318 3 1 0
0.00363228 0.507202 0.000731001 3 1 0
0.00363022 0.507687 0.000727707 3 1 0
0.00362816 0.508171 0.000724446 3 1 0
0.0036261 0.508657 0.000721198 3 1 0
0.00362404 0.509142 0.000717971 3 1 0
0.00362199 0.509616 0.000714794 3 1 0
0.00361995 0.5101 0.000711613 3 1 0
0.0036179 0.510584 0.000708453 3 1 0
0.00361586 0.511059 0.000705266 3 1 0
0.00361383 0.511536 0.000702132 3 1 0
0.0036118 0.51201 0.000699019 3 1 0
0.00360977 0.512502 0.000695908 3 1 0
0.00360775 0.512976 0.000692842 3 1 0
0.00360573 0.51345 0.000689797 3 1 0
0.00360371 0.51393 0.000686766 3 1 0
0.0036017 0.514402 0.000683768 3 1 0
0.00359969 0.514873 0.000680792 3 1 0
0.00359769 0.515347 0.00067785 3 1 0
0.00359569 0.515817 0.000674921 3 1 0
0.0035937 0.516285 0.000672013 3 1 0
0.00359171 0.516753 0.000669174 3 1 0
0.00358973 0.51722 0.000666295 3 1 0
0.00358775 0.517686 0.000663439 3 1 0
0.00358577 0.51815 0.000660635 3 1 0
0.0035838 0.518613 0.000657821 3 1 0
0.00358184 0.519074 0.000655028 3 1 0
0.00357988 0.519534 0.000652272 3 1 0
0.00357792 0.519993 0.000649522 3 1 0
0.00357597 0.52045 0.000646794 3 1 0
0.00357403 0.520907 0.0006441 3 1 0
0.00357209 0.521361 0.000641415 3 1 0
0.00357015 0.521814 0.000638752 3 1 0
0.00356822 0.522266 0.000636117 3 1 0
0.0035663 0.522716 0.000633498 3 1 0
0.00356438 0.523164 0.000630901 3 1 0
0.00356247 0.52361 0.000628327 3 1 0
0.00356056 0.524056 0.000625775 3 1 0
0.00355866 0.524499 0.000623245 3 1 0
0.00355677 0.52494 0.00062073 3 1 0
0.00355488 0.52538 0.000618247 3 1 0
0.00355299 0.525817 0.000615786 3 1 0
0.00355112 0.526247 0.000613352 3 1 0
0.00354925 0.526679 0.000610934 3 1 0
0.00354739 0.527108 0.000608539 3 1 0
0.00354553 0.527542 0.000606169 3 1 0
0.00354368 0.527967 0.000603819 3 1 0
0.00354184 0.52839 0.000601491 3 1 0
0.00354 0.528825 0.000599187 3 1 0
0.00353817 0.529245 0.000596905 3 1 0
0.00353635 0.529662 0.000594647 3 1 0
0.00353454 0.530084 0.000592412 3 1 0
0.00353273 0.530498 0.0005902 3 1 0
0.00353093 0.530908 0.000588013 3 1 0
0.00352914 0.531319 0.000585852 3 1 0
0.00352736 0.531725 0.000583713 3 1 0
0.00352559 0.532128 0.000581599 3 1 0
0.00352382 0.532531 0.000579505 3 1 0
0.00352206 0.532929 0.000577439 3 1 0
0.00352032 0.533323 0.000575398 3 1 0
0.00351858 0.533719 0.000573365 3 1 0
0.00351685 0.534109 0.000571373 3 1 0
0.00351513 0.534495 0.000569405 3 1 0
0.00351342 0.534878 0.000567454 3 1 0
0.00351172 0.535258 0.000565537 3 1 0
0.00351003 0.535635 0.000563647 3 1 0
0.00350835 0.536004 0.000561777 3 1 0
0.00350668 0.536375 0.00055994 3 1 0
0.00350502 0.536742 0.000558129 3 1 0
0.00350337 0.537089 0.000556342 3 1 0
0.00350174 0.53745 0.000554586 3 1 0
0.00350012 0.537807 0.000552859 3 1 0
0.00349851 0.538153 0.000551153 3 1 0
0.00349691 0.538497 0.000549483 3 1 0
0.00349532 0.538841 0.000547842 3 1 0
0.00349375 0.539184 0.000546226 3 1 0
0.00349219 0.539514 0.000544642 3 1 0
0.00349065 0.539839 0.000543071 3 1 0
0.00348912 0.540171 0.000541535 3 1 0
0.0034876 0.540487 0.000540027 3 1 0
0.0034861 0.540797 0.000538552 3 1 0
0.00348462 0.541111 0.000537111 3 1 0
0.00348315 0.541412 0.000535701 3 1 0
0.0034817 0.541706 0.000534325 3 1 0
0.00348027 0.541999 0.000532985 3 1 0
0.00347885 0.542282 0.000531679 3 1 0
0.00347745 0.54256 0.000530409 3 1 0
0.00347608 0.542831 0.000529175 3 1 0
0.00347472 0.543096 0.000527979 3 1 0
0.00347338 0.543354 0.000526821 3 1 0
0.00347206 0.543604 0.000525702 3 1 0
0.00347076 0.543848 0.000524623 3 1 0
0.00346948 0.544084 0.000523584 3 1 0
0.00346823 0.544311 0.000522587 3 1 0
0.003467 0.544532 0.000521632 3 1 0
0.0034658 0.544745 0.000520721 3 1 0
0.00346462 0.544942 0.000519854 3 1 0
0.00346346 0.545138 0.000519033 3 1 0
0.00346234 0.545326 0.000518258 3 1 0
0.00346124 0.545496 0.000517532 3 1 0
0.00346017 0.545665 0.000516854 3 1 0
0.00345912 0.545824 0.000516225 3 1 0
0.00345811 0.545972 0.000515652 3 1 0
0.00345713 0.54611 0.000515127 3 1 0
0.00345619 0.546238 0.000514655 3 1 0
0.00345527 0.546353 0.000514245 3 1 0
0.00345439 0.546458 0.000513884 3 1 0
0.00345354 0.546551 0.00051358 3 1 0
0.00345274 0.546631 0.00051334 3 1 0
0.00345196 0.5467 0.000513137 3 1 0
0.00345123 0.546756 0.000512995 3 1 0
0.00345054 0.546792 0.000512899 3 1 0
0.00344988 0.546823 0.000512884 3 1 0
0.00344927 0.546841 0.000512933 3 1 0
0.0034487 0.546833 0.000513027 3 1 0
0.00344818 0.546824 0.000513212 3 1 0
0.00344769 0.546801 0.000513465 3 1 0
0.00344726 0.546767 0.000513798 3 1 0
0.00344687 0.546715 0.000514187 3 1 0
0.00344652 0.546649 0.000514646 3 1 0
0.00344623 0.54656 0.000515172 3 1 0
0.00344598 0.546464 0.000515777 3 1 0
0.00344578 0.546354 0.000516455 3 1 0
0.00344563 0.54623 0.000517204 3 1 0
0.00344552 0.546089 0.000518026 3 1 0
0.00344547 0.545932 0.000518921 3 1 0
0.00344547 0.545771 0.000519901 3 1 0
0.00344552 0.545585 0.000520946 3 1 0
0.00344562 0.545384 0.000522065 3 1 0
0.00344576 0.545166 0.00052324 3 1 0
0.00344596 0.544937 0.000524502 3 1 0
0.00344621 0.544693 0.000525838 3 1 0
0.0034465 0.544439 0.000527266 3 1 0
0.00344685 0.544168 0.000528746 3 1 0
0.00344724 0.543882 0.000530296 3 1 0
0.00344768 0.543584 0.000531907 3 1 0
0.00344817 0.543272 0.000533595 3 1 0
0.0034487 0.542948 0.00053535 3 1 0
0.00344927 0.542611 0.000537174 3 1 0
0.0034499 0.542262 0.000539061 3 1 0
0.00345056 0.541902 0.000541011 3 1 0
0.00345126 0.541533 0.000543002 3 1 0
0.00345201 0.541151 0.000545076 3 1 0
0.0034528 0.540759 0.000547209 3 1 0
0.00345279 0.54076 0.000547189 3 1 0
0.00345362 0.540357 0.00054938 3 1 0
0.00345449 0.539945 0.000551629 3 1 0
0.00345539 0.539524 0.000553928 3 1 0
0.00345632 0.539094 0.000556287 3 1 0
0.00345729 0.538655 0.000558701 3 1 0
0.0034583 0.538208 0.000561165 3 1 0
0.00345933 0.537753 0.000563683 3 1 0
0.0034604 0.53729 0.00056625 3 1 0
0.0034615 0.536818 0.000568866 3 1 0
0.00346262 0.536342 0.000571531 3 1 0
0.00346378 0.535859 0.000574242 3 1 0
0.00346496 0.535361 0.000577 3 1 0
0.00346617 0.534867 0.000579802 3 1 0
0.00346741 0.534367 0.000582648 3 1 0
0.00346867 0.533848 0.000585539 3 1 0
0.00346995 0.533336 0.00058847 3 1 0
0.00347126 0.532821 0.000591443 3 1 0
0.00347259 0.532305 0.000594458 3 1 0
0.00347394 0.531776 0.000597511 3 1 0
0.00347531 0.531243 0.000600603 3 1 0
0.0034767 0.530713 0.000603735 3 1 0
0.00347811 0.530176 0.000606903 3 1 0
0.00347954 0.529635 0.000610108 3 1 0
0.00348099 0.52908 0.00061335 3 1 0
0.00348245 0.528533 0.000616628 3 1 0
0.00348393 0.527982 0.000619941 3 1 0
0.00348543 0.527424 0.00062329 3 1 0
0.00348694 0.526863 0.000626672 3 1 0
0.00348847 0.526299 0.000630088 3 1 0
0.00349002 0.525738 0.000633538 3 1 0
0.00349158 0.525169 0.000637021 3 1 0
0.00349315 0.524597 0.000640537 3 1 0
0.00349473 0.524035 0.000644086 3 1 0
0.00349633 0.523459 0.000647666 3 1 0
0.00349794 0.522882 0.000651278 3 1 0
0.00349956 0.522307 0.000654921 3 1 0
0.0035012 0.52173 0.000658595 3 1 0
0.00350284 0.521152 0.0006623 3 1 0
0.0035045 0.520572 0.000666037 3 1 0
0.00350617 0.519989 0.000669803 3 1 0
0.00350784 0.519405 0.0006736 3 1 0
0.00350953 0.518814 0.000677425 3 1 0
0.00351123 0.518228 0.000681281 3 1 0
0.00351293 0.51764 0.000685167 3 1 0
0.00351465 0.517041 0.000689082 3 1 0
0.00351638 0.516452 0.000693026 3 1 0
0.00351811 0.515861 0.000697 3 1 0
0.00351985 0.515265 0.000701001 3 1 0
0.0035216 0.514673 0.000705032 3 1 0
0.00352336 0.514079 0.000709093 3 1 0
0.00352513 0.513479 0.000713176 3 1 0
0.0035269 0.512884 0.000717294 3 1 0
0.00352868 0.512289 0.00072144 3 1 0
0.00353047 0.51168 0.000725611 3 1 0
0.00353227 0.511084 0.000729814 3 1 0
0.00353407 0.510487 0.000734046 3 1 0
0.00353588 0.50988 0.0007383 3 1 0
0.00353769 0.509283 0.000742588 3 1 0
0.00353951 0.508684 0.000746905 3 1 0
0.00354134 0.508081 0.00075124 3 1 0
0.00354317 0.507481 0.000755612 3 1 0
0.00354501 0.506881 0.000760012 3 1 0
0.00354686 0.506272 0.000764429 3 1 0
0.00354871 0.505672 0.000768885 3 1 0
0.00355057 0.505071 0.000773369 3 1 0
0.00355243 0.504464 0.000777869 3 1 0
0.0035543 0.503863 0.000782408 3 1 0
0.00355617 0.503262 0.000786976 3 1 0
0.00355804 0.502654 0.000791574 3 1 0
0.00355993 0.502052 0.000796196 3 1 0
0.00356181 0.50145 0.000800846 3 1 0
0.0035637 0.500839 0.000805527 3 1 0
0.0035656 0.500237 0.000810235 3 1 0
0.0035675 0.499635 0.000814972 3 1 0
0.0035694 0.499022 0.000819801 3 1 0
0.00357131 0.49842 0.000824597 3 1 0
0.00357323 0.497818 0.000829422 3 1 0
0.00357514 0.497215 0.000834292 3 1 0
0.00357706 0.496608 0.000839163 3 1 0
0.00357899 0.496 0.000844063 3 1 0
0.00358092 0.495404 0.000848965 3 1 0
0.00358285 0.494798 0.000853923 3 1 0
0.00358479 0.494191 0.000858909 3 1 0
0.00358673 0.493593 0.000863912 3 1 0
0.00358867 0.492987 0.000868956 3 1 0
0.00359062 0.49238 0.000874029 3 1 0
0.00359257 0.491784 0.000879123 3 1 0
0.00359452 0.491179 0.000884254 3 1 0
0.00359648 0.490574 0.000889414 3 1 0
0.00359844 0.489975 0.000894597 3 1 0
0.0036004 0.489371 0.000899815 3 1 0
0.00360237 0.488766 0.000905063 3 1 0
0.00360434 0.488169 0.000910337 3 1 0
0.00360631 0.487566 0.000915643 3 1 0
0.00360829 0.486964 0.000920979 3 1 0
0.00361027 0.486361 0.000926344 3 1 0
0.00361225 0.485761 0.000931739 3 1 0
0.00361423 0.48516 0.000937164 3 1 0
0.00361622 0.484554 0.000942619 3 1 0
0.00361821 0.483955 0.000948104 3 1 0
0.0036202 0.483356 0.000953619 3 1 0
0.0036222 0.482744 0.000959165 3 1 0
0.0036242 0.482147 0.000964741 3 1 0
0.0036262 0.48155 0.000970347 3 1 0
0.0036282 0.480946 0.000975982 3 1 0
0.0036302 0.480348 0.000981648 3 1 0
0.00363221 0.479752 0.000987345 3 1 0
0.00363422 0.479154 0.000993071 3 1 0
0.00363623 0.478559 0.00099883 3 1 0
0.00363825 0.477964 0.00100462 3 1 0
0.00364026 0.47736 0.00101044 3 1 0
0.00364228 0.476766 0.00101629 3 1 0
0.0036443 0.476172 0.00102217 3 1 0
0.00364633 0.475571 0.00102808 3 1 0
0.00364835 0.474978 0.00103402 3 1 0
0.00365038 0.474385 0.00104 3 1 0
0.00365241 0.473785 0.00104599 3 1 0
0.00365444 0.473193 0.00105203 3 1 0
0.00365648 0.472601 0.0010581 3 1 0
0.00365851 0.472005 0.00106419 3 1 0
0.00366055 0.471414 0.00107032 3 1 0
0.00366259 0.470823 0.00107648 3 1 0
0.00366463 0.470229 0.00108266 3 1 0
0.00366667 0.469639 0.00108889 3 1 0
0.00366872 0.469049 0.00109515 3 1 0
0.00367077 0.46845 0.00110149 3 1 0
0.00367281 0.467862 0.00110782 3 1 0
0.00367486 0.467274 0.00111418 3 1 0
0.00367692 0.466681 0.00112068 3 1 0
0.00367897 0.466089 0.00112711 3 1 0
0.00368103 0.465497 0.00113355 3 1 0
0.00368308 0.464917 0.00113995 3 1 0
0.00368514 0.464327 0.00114646 3 1 0
0.0036872 0.463736 0.00115301 3 1 0
0.00368926 0.463158 0.00115955 4 1 0
0.00369133 0.462571 0.00116617 4 1 0
0.00369339 0.461983 0.00117281 4 1 0
0.00369546 0.461399 0.00117948 4 1 0
0.00369753 0.460814 0.0011862 4 1 0
0.0036996 0.460229 0.00119295 4 1 0
0.00370167 0.459641 0.00119973 4 1 0
0.00370374 0.459059 0.00120655 4 1 0
0.00370581 0.458476 0.0012134 4 1 0
0.00370789 0.457887 0.00122029 4 1 0
0.00370996 0.457306 0.00122722 4 1 0
0.00371204 0.456726 0.00123418 4 1 0
0.00371412 0.456139 0.00124118 4 1 0
0.0037162 0.45556 0.00124821 4 1 0
0.00371828 0.454981 0.00125527 4 1 0
0.00372037 0.454397 0.00126239 3 1 0
0.00372245 0.45382 0.00126952 3 1 0
0.00372454 0.453242 0.0012767 3 1 0
0.00372662 0.45266 0.00128392 3 1 0
0.00372871 0.452084 0.00129117 3 1 0
0.0037308 0.451509 0.00129845 3 1 0
0.00373289 0.450923 0.00130579 3 1 0
0.00373498 0.450349 0.00131315 3 1 0
0.00373708 0.449775 0.00132054 3 1 0
0.00373917 0.449193 0.001328 3 1 0
0.00374126 0.448621 0.00133546 3 1 0
0.00374336 0.448049 0.00134297 3 1 0
0.00374546 0.447471 0.00135053 3 1 0
0.00374756 0.4469 0.00135812 3 1 0
0.00374965 0.446329 0.00136571 3 1 0
0.00375176 0.44575 0.00137333 3 1 0
0.00375386 0.445177 0.001381 3 1 0
0.00375596 0.444608 0.0013887 3 1 0
0.00375806 0.444038 0.00139644 3 1 0
0.00376017 0.443464 0.00140422 3 1 0
0.00376227 0.442893 0.00141204 3 1 0
0.00376438 0.442323 0.00141993 3 1 0
0.00376649 0.441757 0.00142782 3 1 0
0.00376859 0.44119 0.00143575 3 1 0
0.0037707 0.440623 0.0014437 3 1 0
0.00377281 0.440053 0.00145171 3 1 0
0.00377492 0.439483 0.00145975 3 1 0
0.00377704 0.438926 0.00146778 3 1 0
0.00377915 0.438359 0.00147591 3 1 0
0.00378126 0.437792 0.00148408 3 1 0
0.00378338 0.43723 0.00149226 3 1 0
0.00378549 0.436665 0.00150051 3 1 0
0.00378761 0.4361 0.00150879 3 1 0
0.00378972 0.435537 0.00151711 3 1 0
0.00379184 0.434974 0.00152548 3 1 0
0.00379396 0.434412 0.00153389 3 1 0
0.00379608 0.433847 0.00154234 3 1 0
0.0037982 0.433286 0.00155082 3 1 0
0.00380032 0.432726 0.00155935 3 1 0
0.00380244 0.432164 0.00156793 3 1 0
0.00380456 0.431605 0.00157654 4 1 0
0.00380669 0.431046 0.00158519 4 1 0
0.00380881 0.430484 0.00159389 4 1 0
0.00381093 0.429927 0.00160262 4 1 0
0.00381306 0.42937 0.0016114 4 1 0
0.00381518 0.428807 0.00162023 4 1 0
0.00381731 0.428252 0.00162909 4 1 0
0.00381944 0.427697 0.00163799 4 1 0
0.00382157 0.427136 0.00164694 4 1 0
0.00382369 0.426583 0.00165593 4 1 0
0.00382582 0.42603 0.00166496 4 1 0
0.00382795 0.42547 0.00167404 4 1 0
0.00383008 0.424919 0.00168316 4 1 0
0.00383221 0.424368 0.00169232 4 1 0
0.00383434 0.423814 0.00170153 4 1 0
0.00383648 0.423259 0.00171078 4 1 0
0.00383861 0.422704 0.00172007 4 1 0
0.00384074 0.422155 0.00172939 4 1 0
0.00384287 0.421603 0.00173876 4 1 0
0.00384501 0.421055 0.00174818 4 1 0
0.00384714 0.420509 0.00175762 4 1 0
0.00384928 0.419962 0.00176712 4 1 0
0.00385141 0.419415 0.00177666 4 1 0
0.00385355 0.418868 0.0017861 4 1 0
0.00385569 0.418321 0.00179574 4 1 0
0.00385782 0.417774 0.00180542 4 1 0
0.00385996 0.417225 0.00181519 4 1 0
0.0038621 0.41668 0.00182493 4 1 0
0.00386424 0.416135 0.00183471 4 1 0
0.00386638 0.415591 0.00184446 4 1 0
0.00386851 0.415047 0.00185434 4 1 0
0.00387065 0.414503 0.00186427 4 1 0
0.00387279 0.413957 0.00187422 4 1 0
0.00387493 0.413415 0.00188424 4 1 0
0.00387708 0.412874 0.00189431 4 1 0
0.00387922 0.412326 0.00190441 4 1 0
0.00388136 0.411787 0.00191457 4 1 0
0.0038835 0.411248 0.00192478 4 1 0
0.00388564 0.410702 0.00193503 4 1 0
0.00388778 0.41016 0.00194533 4 1 0
0.00388993 0.409622 0.00195568 4 1 0
0.00389207 0.409088 0.00196607 4 1 0
0.00389421 0.408548 0.00197651 4 1 0
0.00389636 0.408008 0.001987 4 1 0
0.0038985 0.407477 0.00199754 4 1 0
0.00390065 0.406939 0.00200812 4 1 0
0.00390279 0.406401 0.00201876 4 1 0
0.00390494 0.405868 0.00202943 4 1 0
0.00390708 0.405332 0.00204016 4 1 0
0.00390923 0.404795 0.00205093 4 1 0
0.00391137 0.404266 0.00206176 4 1 0
0.00391352 0.403731 0.00207264 4 1 0
0.00391567 0.403196 0.00208356 4 1 0
0.00391781 0.402669 0.00209455 4 1 0
0.00391996 0.402136 0.00210557 4 1 0
0.00392211 0.401603 0.00211664 4 1 0
0.00392425 0.401075 0.00212777 4 1 0
0.0039264 0.400544 0.00213894 4 1 0
0.00392855 0.400014 0.00215016 4 1 0
0.0039307 0.399485 0.00216149 4 1 0
0.00393285 0.398956 0.00217278 4 1 0
0.00393499 0.398428 0.00218412 4 1 0
0.00393714 0.397897 0.00219543 4 1 0
0.00393929 0.397372 0.00220688 4 1 0
0.00394144 0.396846 0.00221837 4 1 0
0.00394359 0.396317 0.00222989 4 1 0
0.00394574 0.395793 0.00224149 4 1 0
0.00394789 0.395268 0.00225315 4 1 0
0.00395003 0.394739 0.00226485 4 1 0
0.00395218 0.394216 0.00227661 4 1 0
0.00395433 0.393694 0.00228842 4 1 0
0.00395648 0.393164 0.00230028 4 1 0
0.00395863 0.392642 0.0023122 4 1 0
0.00396078 0.392123 0.00232417 4 1 0
0.00396293 0.391601 0.0023362 4 1 0
0.00396508 0.391077 0.00234828 4 1 0
0.00396723 0.390557 0.00236041 4 1 0
0.00396938 0.390042 0.00237259 4 1 0
0.00397153 0.389521 0.00238483 4 1 0
0.00397368 0.389 0.00239712 4 1 0
0.00397583 0.388486 0.00240944 4 1 0
0.00397798 0.387966 0.00242184 4 1 0
0.00398013 0.387446 0.00243429 4 1 0
0.00398228 0.386935 0.00244683 4 1 0
0.00398443 0.386418 0.00245939 4 1 0
0.00398658 0.3859 0.002472 4 1 0
0.00398873 0.385389 0.00248479 4 1 0
0.00399088 0.384873 0.0024975 4 1 0
0.00399303 0.384358 0.00251024 4 1 0
0.00399518 0.383846 0.00252297 4 1 0
0.00399733 0.383333 0.00253582 4 1 0
0.00399948 0.38282 0.00254874 4 1 0
0.00400162 0.382305 0.00256167 4 1 0
0.00400377 0.381794 0.0025747 4 1 0
0.00400592 0.381284 0.00258778 4 1 0
0.00400807 0.380765 0.00260091 4 1 0
0.00401022 0.380257 0.00261411 4 1 0
0.00401237 0.379749 0.00262736 4 1 0
0.00401452 0.379239 0.00264066 4 1 0
0.00401667 0.378732 0.00265403 4 1 0
0.00401882 0.378225 0.00266745 4 1 0
0.00402097 0.377715 0.00268094 4 1 0
0.00402311 0.377209 0.00269448 4 1 0
0.00402526 0.376704 0.00270808 4 1 0
0.00402741 0.376196 0.00272174 4 1 0
0.00402956 0.375691 0.00273545 4 1 0
0.0040317 0.375187 0.00274923 4 1 0
0.00403385 0.374679 0.00276318 4 1 0
0.004036 0.374177 0.00277709 4 1 0
0.00403815 0.373674 0.00279105 4 1 0
0.00404029 0.37317 0.00280517 4 1 0
0.00404244 0.372668 0.00281921 4 1 0
0.00404459 0.372167 0.00283331 4 1 0
0.00404673 0.37166 0.00284737 4 1 0
0.00404888 0.371161 0.00286159 4 1 0
0.00405102 0.370662 0.00287587 4 1 0
0.00405317 0.370154 0.00289016 4 1 0
0.00405531 0.369657 0.00290456 4 1 0
0.00405746 0.36916 0.00291903 4 1 0
0.0040596 0.368663 0.00293354 4 1 0
0.00406175 0.368163 0.00294813 4 1 0
0.00406389 0.367664 0.00296278 4 1 0
0.00406604 0.367172 0.0029775 4 1 0
0.00406818 0.366674 0.00299228 4 1 0
0.00407032 0.366177 0.00300712 4 1 0
0.00407247 0.365684 0.00302206 4 1 0
0.00407461 0.365189 0.00303703 4 1 0
0.00407675 0.364694 0.00305206 4 1 0
0.00407889 0.3642 0.00306723 4 1 0
0.00408103 0.363707 0.00308239 4 1 0
0.00408317 0.363213 0.00309762 4 1 0
0.00408532 0.36272 0.00311298 4 1 0
0.00408746 0.362228 0.00312828 4 1 0
0.0040896 0.361737 0.00314365 4 1 0
0.00409174 0.361246 0.00315898 4 1 0
0.00409387 0.360755 0.00317447 4 1 0
0.00409601 0.360264 0.00319003 4 1 0
0.00409815 0.359774 0.00320561 4 1 0
0.00410029 0.359285 0.0032213 4 1 0
0.00410243 0.358797 0.00323706 4 1 0
0.00410456 0.358307 0.00325286 4 1 0
0.0041067 0.35782 0.00326874 4 1 0
0.00410884 0.357333 0.0032847 4 1 0
0.00411097 0.356842 0.00330072 4 1 0
0.00411311 0.356357 0.00331681 4 1 0
0.00411524 0.355873 0.00333296 4 1 0
0.00411738 0.355382 0.0033492 4 1 0
0.00411951 0.354897 0.00336549 4 1 0
0.00412165 0.354415 0.00338184 4 1 0
0.00412378 0.353936 0.00339828 4 1 0
0.00412591 0.353452 0.00341477 4 1 0
0.00412804 0.352967 0.00343133 4 1 0
0.00413018 0.352488 0.00344799 4 1 0
0.00413231 0.352006 0.00346469 4 1 0
0.00413444 0.351525 0.00348145 4 1 0
0.00413657 0.351036 0.0034983 4 1 0
0.0041387 0.350557 0.00351515 4 1 0
0.00414083 0.350079 0.00353207 4 1 0
0.00414295 0.349604 0.00354893 4 1 0
0.00414508 0.349126 0.00356599 4 1 0
0.00414721 0.348647 0.00358312 4 1 0
0.00414933 0.348169 0.00360029 4 1 0
0.00415146 0.347692 0.00361756 4 1 0
0.00415359 0.347215 0.0036349 4 1 0
0.00415571 0.346737 0.0036523 4 1 0
0.00415784 0.346262 0.00366978 4 1 0
0.00415996 0.345787 0.00368734 4 1 0
0.00416208 0.34531 0.00370498 4 1 0
0.0041642 0.344836 0.00372268 4 1 0
0.00416633 0.344363 0.00374045 4 1 0
0.00416845 0.343889 0.00375834 4 1 0
0.00417057 0.343416 0.00377625 4 1 0
0.00417269 0.342944 0.00379424 4 1 0
0.00417481 0.342471 0.00381237 4 1 0
0.00417692 0.342 0.0038305 4 1 0
0.00417904 0.341529 0.00384869 4 1 0
0.00418116 0.341055 0.00386683 4 1 0
0.00418328 0.340586 0.00388512 4 1 0
0.00418539 0.340117 0.00390348 4 1 0
0.00418751 0.339643 0.00392187 4 1 0
0.00418962 0.339176 0.00394038 4 1 0
0.00419173 0.338709 0.00395896 4 1 0
0.00419385 0.338236 0.00397758 4 1 0
0.00419596 0.337771 0.00399632 4 1 0
0.00419807 0.337305 0.00401512 4 1 0
0.00420018 0.336839 0.00403399 4 1 0
0.00420229 0.336371 0.00405295 4 1 0
0.0042044 0.335904 0.00407198 4 1 0
0.00420651 0.335445 0.00409109 4 1 0
0.00420861 0.334979 0.00411028 4 1 0
0.00421072 0.334513 0.00412953 4 1 0
0.00421283 0.334053 0.00414889 4 1 0
0.00421493 0.333589 0.00416831 4 1 0
0.00421704 0.333125 0.00418779 4 1 0
0.00421914 0.332667 0.00420741 4 1 0
0.00422124 0.332205 0.00422705 4 1 0
0.00422334 0.331743 0.00424677 4 1 0
0.00422544 0.331282 0.00426665 4 1 0
0.00422754 0.33082 0.00428647 4 1 0
0.00422964 0.330359 0.00430635 4 1 0
0.00423174 0.329904 0.00432624 4 1 0
0.00423384 0.329444 0.00434628 4 1 0
0.00423594 0.328985 0.0043664 4 1 0
0.00423803 0.328529 0.00438656 4 1 0
0.00424013 0.328072 0.00440684 4 1 0
0.00424222 0.327615 0.00442719 4 1 0
0.00424431 0.327153 0.0044476 4 1 0
0.0042464 0.326698 0.00446811 4 1 0
0.0042485 0.326244 0.0044887 4 1 0
0.00425059 0.32579 0.00450935 4 1 0
0.00425267 0.325334 0.0045301 4 1 0
0.00425476 0.324878 0.00455093 4 1 0
0.00425685 0.32443 0.00457184 4 1 0
0.00425894 0.323976 0.00459283 4 1 0
0.00426102 0.323522 0.0046139 4 1 0
0.00426311 0.323071 0.00463504 4 1 0
0.00426519 0.322618 0.00465627 4 1 0
0.00426727 0.322165 0.00467757 4 1 0
0.00426935 0.321717 0.00469903 4 1 0
0.00427143 0.321266 0.00472051 4 1 0
0.00427351 0.320815 0.00474206 4 1 0
0.00427559 0.320368 0.00476384 4 1 0
0.00427767 0.319918 0.00478553 4 1 0
0.00427975 0.319468 0.00480727 4 1 0
0.00428182 0.319021 0.00482897 4 1 0
0.00428389 0.318572 0.00485087 4 1 0
0.00428597 0.318124 0.00487286 4 1 0
0.00428804 0.317681 0.0048949 4 1 0
0.00429011 0.317235 0.00491705 4 1 0
0.00429218 0.31679 0.00493929 4 1 0
0.00429425 0.316339 0.00496159 4 1 0
0.00429632 0.315895 0.004984 4 1 0
0.00429838 0.315452 0.00500649 4 1 0
0.00430045 0.315005 0.00502908 4 1 0
0.00430251 0.314561 0.00505175 4 1 0
0.00430458 0.31412 0.00507449 4 1 0
0.00430664 0.313681 0.00509737 4 1 0
0.0043087 0.313239 0.00512029 4 1 0
0.00431076 0.312796 0.0051433 4 1 0
0.00431282 0.312358 0.00516647 4 1 0
0.00431488 0.311917 0.00518965 4 1 0
0.00431693 0.311476 0.00521292 4 1 0
0.00431899 0.311037 0.00523628 4 1 0
0.00432104 0.310598 0.00525965 4 1 0
0.00432309 0.310158 0.00528311 4 1 0
0.00432515 0.309718 0.0053066 4 1 0
0.0043272 0.309281 0.00533023 4 1 0
0.00432924 0.308844 0.00535395 4 1 0
0.00433129 0.308403 0.0053777 4 1 0
0.00433334 0.307968 0.0054016 4 1 0
0.00433538 0.307533 0.00542558 4 1 0
0.00433743 0.307097 0.00544964 4 1 0
0.00433947 0.30666 0.0054738 4 1 0
0.00434151 0.306224 0.00549805 4 1 0
0.00434355 0.305795 0.00552239 4 1 0
0.00434559 0.30536 0.00554682 4 1 0
0.00434763 0.304926 0.00557134 4 1 0
0.00434967 0.304494 0.00559597 4 1 0
0.0043517 0.304061 0.00562067 4 1 0
0.00435374 0.303628 0.00564545 4 1 0
0.00435577 0.303198 0.00567038 4 1 0
0.0043578 0.302768 0.00569535 4 1 0
0.00435983 0.302337 0.00572041 4 1 0
0.00436186 0.301906 0.00574563 4 1 0
0.00436388 0.301477 0.00577087 4 1 0
0.00436591 0.301048 0.00579617 4 1 0
0.00436793 0.300617 0.00582145 4 1 0
0.00436996 0.300189 0.00584689 4 1 0
0.00437198 0.299762 0.00587243 4 1 0
0.004374 0.29933 0.00589799 4 1 0
0.00437602 0.298904 0.00592371 4 1 0
0.00437803 0.298479 0.00594952 4 1 0
0.00438005 0.298048 0.00597539 4 1 0
0.00438207 0.297624 0.00600139 4 1 0
0.00438408 0.2972 0.00602747 4 1 0
0.00438609 0.296774 0.00605365 4 1 0
0.0043881 0.296348 0.00607993 4 1 0
0.00439011 0.295925 0.0061063 4 1 0
0.00439212 0.295503 0.00613277 4 1 0
0.00439412 0.295079 0.00615933 4 1 0
0.00439613 0.294654 0.00618598 4 1 0
0.00439813 0.294238 0.00621275 4 1 0
0.00440013 0.293815 0.0062396 4 1 0
0.00440213 0.293393 0.00626653 4 1 0
0.00440413 0.292975 0.00629361 4 1 0
0.00440613 0.292554 0.00632074 4 1 0
0.00440812 0.292134 0.00634797 4 1 0
0.00441011 0.291714 0.00637535 4 1 0
0.00441211 0.291295 0.00640277 4 1 0
0.0044141 0.290877 0.00643023 4 1 0
0.00441609 0.290457 0.00645769 4 1 0
0.00441807 0.29004 0.00648531 4 1 0
0.00442006 0.289623 0.00651303 4 1 0
0.00442204 0.289205 0.00654081 4 1 0
0.00442403 0.288789 0.00656873 4 1 0
0.00442601 0.288374 0.00659674 4 1 0
0.00442799 0.287957 0.00662483 4 1 0
0.00442996 0.287542 0.00665304 4 1 0
0.00443194 0.287128 0.00668134 4 1 0
0.00443392 0.286712 0.00670972 4 1 0
0.00443589 0.286299 0.00673822 4 1 0
0.00443786 0.285886 0.00676682 4 1 0
0.00443983 0.285468 0.00679555 4 1 0
0.0044418 0.285057 0.00682436 4 1 0
0.00444376 0.284646 0.00685326 4 1 0
0.00444573 0.284237 0.00688233 4 1 0
0.00444769 0.283825 0.00691144 4 1 0
0.00444965 0.283414 0.00694065 4 1 0
0.00445161 0.283004 0.00697005 4 1 0
0.00445357 0.282595 0.00699946 4 1 0
0.00445553 0.282185 0.00702898 4 1 0
0.00445748 0.281775 0.00705842 4 1 0
0.00445943 0.281367 0.00708806 4 1 0
0.00446138 0.280959 0.00711779 4 1 0
0.00446333 0.280549 0.00714756 4 1 0
0.00446528 0.280143 0.0071775 4 1 0
0.00446723 0.279737 0.00720754 4 1 0
0.00446917 0.279327 0.00723765 4 1 0
0.00447111 0.278922 0.0072679 4 1 0
0.00447305 0.278517 0.00729825 4 1 0
0.00447499 0.278108 0.0073287 4 1 0
0.00447693 0.277705 0.00735926 4 1 0
0.00447886 0.277302 0.00738993 4 1 0
0.00448079 0.2769 0.00742073 4 1 0
0.00448272 0.276495 0.0074516 4 1 0
0.00448465 0.276091 0.00748258 4 1 0
0.00448658 0.275691 0.00751375 4 1 0
0.00448851 0.275289 0.00754494 4 1 0
0.00449043 0.274888 0.00757624 4 1 0
0.00449235 0.274485 0.00760772 4 1 0
0.00449427 0.274085 0.00763916 4 1 0
0.00449619 0.273685 0.00767069 4 1 0
0.0044981 0.273281 0.00770224 4 1 0
0.00450002 0.272883 0.00773397 4 1 0
0.00450193 0.272484 0.00776582 4 1 0
0.00450384 0.272082 0.00779772 4 1 0
0.00450575 0.271685 0.00782978 4 1 0
0.00450766 0.271288 0.00786194 4 1 0
0.00450956 0.270889 0.00789418 4 1 0
0.00451146 0.270491 0.00792655 4 1 0
0.00451336 0.270095 0.00795904 4 1 0
0.00451526 0.269701 0.00799163 4 1 0
0.00451716 0.269305 0.00802433 4 1 0
0.00451905 0.268908 0.00805714 4 1 0
0.00452094 0.268517 0.00809008 4 1 0
0.00452283 0.268122 0.00812311 4 1 0
0.00452472 0.267727 0.00815624 4 1 0
0.00452661 0.267335 0.00818953 4 1 0
0.00452849 0.266942 0.00822289 4 1 0
0.00453038 0.266549 0.00825635 4 1 0
0.00453226 0.266156 0.00829 4 1 0
0.00453413 0.265764 0.00832369 4 1 0
0.00453601 0.265373 0.00835746 4 1 0
0.00453788 0.26498 0.00839121 4 1 0
0.00453975 0.26459 0.00842514 4 1 0
0.00454162 0.2642 0.00845917 4 1 0
0.00454349 0.263808 0.00849325 4 1 0
0.00454536 0.26342 0.00852751 4 1 0
0.00454722 0.263031 0.00856187 4 1 0
0.00454908 0.26264 0.00859631 4 1 0
0.00455094 0.262253 0.0086309 4 1 0
0.0045528 0.261866 0.0086656 4 1 0
0.00455465 0.261477 0.00870041 4 1 0
0.0045565 0.261091 0.00873533 4 1 0
0.00455835 0.260705 0.00877037 4 1 0
0.0045602 0.260315 0.00880554 4 1 0
0.00456205 0.259931 0.00884081 4 1 0
0.00456389 0.259546 0.00887619 4 1 0
0.00456573 0.259161 0.00891171 4 1 0
0.00456757 0.258775 0.00894732 4 1 0
0.00456941 0.25839 0.00898304 4 1 0
0.00457124 0.258009 0.00901893 4 1 0
0.00457308 0.257625 0.00905488 4 1 0
0.00457491 0.257241 0.00909095 4 1 0
0.00457673 0.256862 0.00912716 4 1 0
0.00457856 0.256479 0.00916336 4 1 0
0.00458038 0.256097 0.00919967 4 1 0
0.0045822 0.255717 0.00923602 4 1 0
0.00458402 0.255336 0.00927257 4 1 0
0.00458584 0.254955 0.00930922 4 1 0
0.00458765 0.254576 0.00934593 4 1 0
0.00458946 0.254195 0.00938282 4 1 0
0.00459127 0.253815 0.00941984 4 1 0
0.00459308 0.253438 0.00945695 4 1 0
0.00459489 0.253059 0.0094942 4 1 0
0.00459669 0.25268 0.00953157 4 1 0
0.00459849 0.252305 0.00956906 4 1 0
0.00460029 0.251928 0.00960666 4 1 0
0.00460208 0.251551 0.00964438 4 1 0
0.00460387 0.25117 0.00968226 4 1 0
0.00460566 0.250795 0.00972022 4 1 0
0.00460745 0.250421 0.00975829 4 1 0
0.00460924 0.250047 0.00979656 4 1 0
0.00461102 0.249671 0.00983487 4 1 0
0.0046128 0.249296 0.0098733 4 1 0
0.00461458 0.248923 0.00991187 4 1 0
0.00461635 0.248548 0.00995048 4 1 0
0.00461813 0.248174 0.00998917 4 1 0
0.0046199 0.247805 0.0100279 4 1 0
0.00462166 0.247433 0.0100668 4 1 0
0.00462343 0.24706 0.0101059 4 1 0
0.00462519 0.246691 0.010145 4 1 0
0.00462695 0.24632 0.0101843 4 1 0
0.00462871 0.245949 0.0102237 4 1 0
0.00463047 0.245579 0.0102632 4 1 0
0.00463222 0.245209 0.0103029 4 1 0
0.00463397 0.24484 0.0103426 4 1 0
0.00463572 0.24447 0.0103825 4 1 0
0.00463746 0.244102 0.0104225 4 1 0
0.0046392 0.243734 0.0104627 4 1 0
0.00464094 0.243364 0.0105029 4 1 0
0.00464268 0.242997 0.0105433 4 1 0
0.00464442 0.242631 0.0105838 4 1 0
0.00464615 0.24226 0.0106244 4 1 0
0.00464788 0.241895 0.0106652 4 1 0
0.0046496 0.24153 0.0107061 4 1 0
0.00465133 0.241163 0.0107471 4 1 0
0.00465305 0.240799 0.0107882 4 1 0
0.00465477 0.240435 0.0108295 4 1 0
0.00465648 0.240072 0.0108709 4 1 0
0.0046582 0.239708 0.0109124 4 1 0
0.00465991 0.239343 0.0109539 4 1 0
0.00466162 0.238983 0.0109955 4 1 0
0.00466332 0.23862 0.0110372 4 1 0
0.00466502 0.238258 0.0110791 4 1 0
0.00466672 0.237896 0.0111211 4 1 0
0.00466842 0.237535 0.0111632 4 1 0
0.00467011 0.237174 0.0112055 4 1 0
0.0046718 0.236812 0.0112478 4 1 0
0.00467349 0.236452 0.0112903 4 1 0
0.00467518 0.236093 0.011333 4 1 0
0.00467686 0.235732 0.0113758 4 1 0
0.00467854 0.235374 0.0114187 4 1 0
0.00468022 0.235015 0.0114617 4 1 0
0.00468189 0.234654 0.0115048 4 1 0
0.00468356 0.234296 0.0115481 4 1 0
0.00468523 0.233939 0.0115915 4 1 0
0.0046869 0.233584 0.0116351 4 1 0
0.00468856 0.233226 0.0116787 4 1 0
0.00469022 0.232869 0.0117225 4 1 0
0.00469188 0.232516 0.0117665 4 1 0
0.00469353 0.23216 0.0118105 4 1 0
0.00469518 0.231805 0.0118547 4 1 0
0.00469683 0.231451 0.0118991 4 1 0
0.00469848 0.231096 0.0119434 4 1 0
0.00470012 0.230741 0.0119879 4 1 0
0.00470176 0.230389 0.0120325 4 1 0
0.0047034 0.230036 0.0120772 4 1 0
0.00470503 0.229682 0.012122 4 1 0
0.00470666 0.22933 0.0121669 4 1 0
0.00470829 0.228978 0.012212 4 1 0
0.00470991 0.228627 0.0122573 4 1 0
0.00471154 0.228273 0.0123026 4 1 0
0.00471315 0.227923 0.0123481 4 1 0
0.00471477 0.227573 0.0123937 4 1 0
0.00471638 0.22722 0.0124395 4 1 0
0.00471799 0.226871 0.0124854 4 1 0
0.0047196 0.226523 0.0125314 4 1 0
0.0047212 0.226175 0.0125776 4 1 0
0.0047228 0.225826 0.0126239 4 1 0
0.0047244 0.225477 0.0126703 4 1 0
0.00472599 0.225132 0.0127169 4 1 0
0.00472758 0.224784 0.0127636 4 1 0
0.00472917 0.224437 0.0128104 4 1 0
0.00473075 0.22409 0.0128575 4 1 0
0.00473234 0.223744 0.0129046 4 1 0
0.00473391 0.223399 0.0129518 4 1 0
0.00473549 0.223049 0.012999 4 1 0
0.00473706 0.222705 0.0130464 4 1 0
0.00473863 0.222361 0.0130939 4 1 0
0.0047402 0.222018 0.0131416 4 1 0
0.00474176 0.221673 0.0131893 4 1 0
0.00474332 0.221329 0.0132373 4 1 0
0.00474487 0.220988 0.0132853 4 1 0
0.00474643 0.220645 0.0133335 4 1 0
0.00474797 0.220302 0.0133818 4 1 0
0.00474952 0.219961 0.0134303 4 1 0
0.00475106 0.21962 0.0134789 4 1 0
0.0047526 0.219279 0.0135276 4 1 0
0.00475414 0.218937 0.0135764 4 1 0
0.00475567 0.218597 0.0136255 4 1 0
0.0047572 0.218257 0.0136746 4 1 0
0.00475873 0.217914 0.0137239 4 1 0
0.00476025 0.217575 0.0137733 4 1 0
0.00476177 0.217237 0.0138228 4 1 0
0.00476329 0.216899 0.0138725 4 1 0
0.0047648 0.21656 0.0139224 4 1 0
0.00476631 0.216221 0.0139723 4 1 0
0.00476781 0.215887 0.0140225 4 1 0
0.00476932 0.21555 0.0140727 4 1 0
0.00477081 0.215213 0.0141231 4 1 0
0.00477231 0.214877 0.0141737 4 1 0
0.0047738 0.214541 0.0142243 4 1 0
0.00477529 0.214205 0.014275 4 1 0
0.00477678 0.213869 0.0143258 4 1 0
0.00477826 0.213534 0.0143768 4 1 0
0.00477974 0.2132 0.0144279 4 1 0
0.00478121 0.212863 0.014479 4 1 0
0.00478268 0.21253 0.0145304 4 1 0
0.00478415 0.212197 0.0145819 4 1 0
0.00478561 0.211867 0.0146336 4 1 0
0.00478708 0.211534 0.0146854 4 1 0
0.00478853 0.211202 0.0147373 4 1 0
0.00478999 0.21087 0.0147894 4 1 0
0.00479144 0.210539 0.0148416 4 1 0
0.00479288 0.210208 0.014894 4 1 0
0.00479433 0.209876 0.0149465 4 1 0
0.00479576 0.209546 0.0149991 4 1 0
0.0047972 0.209216 0.0150519 4 1 0
0.00479863 0.208885 0.0151048 4 1 0
0.00480006 0.208557 0.0151579 4 1 0
0.00480148 0.208228 0.0152111 4 1 0
0.00480291 0.207898 0.0152645 4 1 0
0.00480432 0.20757 0.015318 4 1 0
0.00480574 0.207243 0.0153716 4 1 0
0.00480715 0.206915 0.0154253 4 1 0
0.00480855 0.206587 0.0154793 4 1 0
0.00480995 0.206261 0.0155333 4 1 0
0.00481135 0.205937 0.0155876 4 1 0
0.00481275 0.205611 0.015642 4 1 0
0.00481414 0.205285 0.0156964 4 1 0
0.00481553 0.20496 0.0157509 4 1 0
0.00481691 0.204635 0.0158056 4 1 0
0.00481829 0.204311 0.0158604 4 1 0
0.00481966 0.203986 0.0159153 4 1 0
0.00482104 0.203663 0.0159704 4 1 0
0.0048224 0.20334 0.0160256 4 1 0
0.00482377 0.203015 0.016081 4 1 0
0.00482513 0.202693 0.0161366 4 1 0
0.00482649 0.202371 0.0161922 4 1 0
0.00482784 0.20205 0.0162481 4 1 0
0.00482919 0.201728 0.016304 4 1 0
0.00483053 0.201406 0.0163601 4 1 0
0.00483187 0.201088 0.0164164 4 1 0
0.00483321 0.200767 0.0164728 4 1 0
0.00483454 0.200447 0.0165294 4 1 0
0.00483587 0.200127 0.0165861 4 1 0
0.0048372 0.199808 0.0166429 4 1 0
0.00483852 0.199489 0.0166999 4 1 0
0.00483983 0.199171 0.016757 4 1 0
0.00484115 0.198852 0.0168143 4 1 0
0.00484246 0.198535 0.0168718 4 1 0
0.00484376 0.198216 0.0169294 4 1 0
0.00484506 0.1979 0.0169871 4 1 0
0.00484636 0.197583 0.017045 4 1 0
0.00484765 0.197265 0.017103 4 1 0
0.00484894 0.19695 0.0171612 4 1 0
0.00485022 0.196634 0.0172195 4 1 0
0.0048515 0.196317 0.017278 4 1 0
0.00485278 0.196002 0.0173366 4 1 0
0.00485405 0.195688 0.0173954 4 1 0
0.00485532 0.195375 0.0174542 4 1 0
0.00485658 0.195061 0.0175132 4 1 0
0.00485784 0.194746 0.0175723 4 1 0
0.0048591 0.194435 0.0176315 4 1 0
0.00486035 0.194122 0.0176909 4 1 0
0.00486159 0.19381 0.0177504 4 1 0
0.00486284 0.193497 0.01781 4 1 0
0.00486407 0.193185 0.0178699 4 1 0
0.00486531 0.192874 0.0179299 4 1 0
0.00486654 0.192561 0.01799 4 1 0
0.00486776 0.19225 0.0180504 4 1 0
0.00486898 0.191941 0.0181108 4 1 0
0.0048702 0.191631 0.0181714 4 1 0
0.00487141 0.191321 0.0182322 4 1 0
0.00487262 0.191011 0.0182931 4 1 0
0.00487382 0.190705 0.0183542 4 1 0
0.00487502 0.190396 0.0184154 4 1 0
0.00487622 0.190088 0.0184768 4 1 0
0.00487741 0.18978 0.0185383 4 1 0
0.00487859 0.189473 0.0186 4 1 0
0.00487977 0.189166 0.0186619 4 1 0
0.00488095 0.188859 0.0187238 4 1 0
0.00488212 0.188552 0.018786 4 1 0
0.00488329 0.188247 0.0188483 4 1 0
0.00488445 0.187939 0.0189107 4 1 0
0.00488561 0.187635 0.0189733 4 1 0
0.00488677 0.18733 0.0190361 4 1 0
0.00488792 0.187023 0.019099 4 1 0
0.00488906 0.186719 0.019162 4 1 0
0.0048902 0.186416 0.0192251 4 1 0
0.00489134 0.186113 0.0192882 4 1 0
0.00489247 0.185809 0.0193517 4 1 0
0.0048936 0.185505 0.0194152 4 1 0
0.00489472 0.185205 0.0194789 4 1 0
0.00489583 0.184902 0.0195428 4 1 0
0.00489695 0.1846 0.0196068 4 1 0
0.00489805 0.184299 0.019671 4 1 0
0.00489916 0.183998 0.0197354 4 1 0
0.00490026 0.183697 0.0197999 4 1 0
0.00490135 0.183397 0.0198646 4 1 0
0.00490244 0.183096 0.0199294 4 1 0
0.00490352 0.182796 0.0199944 4 1 0
0.0049046 0.182498 0.0200595 4 1 0
0.00490568 0.182199 0.0201248 4 1 0
0.00490675 0.1819 0.0201903 4 1 0
0.00490781 0.181602 0.0202559 4 1 0
0.00490887 0.181304 0.0203217 4 1 0
0.00490992 0.181006 0.0203876 4 1 0
0.00491097 0.180707 0.0204537 4 1 0
0.00491202 0.18041 0.0205199 4 1 0
0.00491306 0.180114 0.0205863 4 1 0
0.00491409 0.179816 0.0206529 4 1 0
0.00491512 0.179521 0.0207196 4 1 0
0.00491615 0.179226 0.0207865 4 1 0
0.00491717 0.178931 0.0208535 4 1 0
0.00491818 0.178635 0.0209206 4 1 0
0.00491919 0.17834 0.0209879 4 1 0
0.0049202 0.178047 0.0210552 4 1 0
0.0049212 0.177753 0.0211228 4 1 0
0.00492219 0.177459 0.0211905 4 1 0
0.00492318 0.177167 0.0212584 4 1 0
0.00492417 0.176874 0.0213264 4 1 0
0.00492515 0.176582 0.0213946 4 1 0
0.00492612 0.17629 0.021463 4 1 0
0.00492709 0.175998 0.0215315 4 1 0
0.00492805 0.175706 0.0216002 4 1 0
0.00492901 0.175414 0.0216691 4 1 0
0.00492996 0.175124 0.0217381 4 1 0
0.00493091 0.174834 0.0218073 4 1 0
0.00493185 0.174541 0.0218766 4 1 0
0.00493279 0.174252 0.0219461 4 1 0
0.00493372 0.173963 0.0220158 4 1 0
0.00493465 0.173674 0.0220856 4 1 0
0.00493557 0.173385 0.0221556 4 1 0
0.00493649 0.173096 0.0222257 4 1 0
0.0049374 0.17281 0.0222961 4 1 0
0.0049383 0.172522 0.0223666 4 1 0
0.0049392 0.172234 0.0224373 4 1 0
0.00494009 0.171947 0.0225082 4 1 0
0.00494098 0.17166 0.0225792 4 1 0
0.00494187 0.171374 0.0226503 4 1 0
0.00494274 0.171088 0.0227214 4 1 0
0.00494361 0.170802 0.0227927 4 1 0
0.00494448 0.170517 0.0228643 4 1 0
0.00494534 0.170231 0.0229359 4 1 0
0.0049462 0.169946 0.0230078 4 1 0
0.00494704 0.169662 0.0230798 4 1 0
0.00494789 0.169377 0.023152 4 1 0
0.00494873 0.169094 0.0232243 4 1 0
0.00494956 0.168811 0.0232968 4 1 0
0.00495038 0.168527 0.0233695 4 1 0
0.0049512 0.168243 0.0234423 4 1 0
0.00495202 0.167961 0.0235154 4 1 0
0.00495283 0.167679 0.0235885 4 1 0
0.00495363 0.167397 0.0236619 4 1 0
0.00495443 0.167115 0.0237354 4 1 0
0.00495522 0.166836 0.0238091 4 1 0
0.004956 0.166555 0.0238829 4 1 0
0.00495678 0.166275 0.0239569 4 1 0
0.00495756 0.165995 0.0240312 4 1 0
0.00495833 0.165715 0.0241055 4 1 0
0.00495909 0.165436 0.0241801 4 1 0
0.00495984 0.165157 0.0242548 4 1 0
0.00496059 0.164878 0.0243296 4 1 0
0.00496133 0.1646 0.0244047 4 1 0
0.00496207 0.164321 0.0244799 4 1 0
0.0049628 0.164043 0.0245553 4 1 0
0.00496353 0.163766 0.0246308 4 1 0
0.00496425 0.163487 0.0247063 4 1 0
0.00496496 0.16321 0.024782 4 1 0
0.00496566 0.162933 0.024858 4 1 0
0.00496636 0.162659 0.0249341 4 1 0
0.00496706 0.162382 0.0250104 4 1 0
0.00496775 0.162107 0.0250868 4 1 0
0.00496843 0.161832 0.0251634 4 1 0
0.0049691 0.161557 0.0252402 4 1 0
0.00496977 0.161282 0.0253171 4 1 0
0.00497043 0.161009 0.0253943 4 1 0
0.00497109 0.160735 0.0254716 4 1 0
0.00497174 0.160461 0.025549 4 1 0
0.00497238 0.160188 0.0256266 4 1 0
0.00497301 0.159915 0.0257044 4 1 0
0.00497364 0.159642 0.0257824 4 1 0
0.00497427 0.15937 0.0258605 4 1 0
0.00497488 0.159098 0.0259389 4 1 0
0.00497549 0.158826 0.0260174 4 1 0
0.00497609 0.158556 0.026096 4 1 0
0.00497669 0.158285 0.0261749 4 1 0
0.00497728 0.158014 0.0262539 4 1 0
0.00497786 0.157744 0.0263331 4 1 0
0.00497844 0.157474 0.0264125 4 1 0
0.004979 0.157204 0.026492 4 1 0
0.00497957 0.156934 0.0265717 4 1 0
0.00498012 0.156665 0.0266516 4 1 0
0.00498067 0.156396 0.0267316 4 1 0
0.00498121 0.156126 0.0268117 4 1 0
0.00498174 0.155859 0.0268921 4 1 0
0.00498227 0.155591 0.0269727 4 1 0
0.00498279 0.155324 0.0270534 4 1 0
0.0049833 0.155056 0.0271343 4 1 0
0.00498381 0.154789 0.0272153 4 1 0
0.00498431 0.154523 0.0272966 4 1 0
0.0049848 0.154257 0.0273779 4 1 0
0.00498528 0.153991 0.0274593 4 1 0
0.00498576 0.153726 0.0275409 4 1 0
0.00498623 0.153461 0.0276227 4 1 0
0.00498669 0.153196 0.0277047 4 1 0
0.00498714 0.152932 0.0277869 4 1 0
0.00498759 0.152667 0.0278693 4 1 0
0.00498803 0.152403 0.0279518 4 1 0
0.00498846 0.15214 0.0280346 4 1 0
0.00498889 0.151877 0.0281175 4 1 0
0.0049893 0.151614 0.0282006 4 1 0
0.00498971 0.15135 0.0282838 4 1 0
0.00499011 0.151088 0.0283673 4 1 0
0.00499051 0.150826 0.0284509 4 1 0
0.00499089 0.150563 0.0285347 4 1 0
0.00499127 0.150301 0.0286187 4 1 0
0.00499164 0.15004 0.0287029 4 1 0
0.00499201 0.149779 0.0287872 4 1 0
0.00499236 0.149519 0.0288718 4 1 0
0.00499271 0.149259 0.0289565 4 1 0
0.00499305 0.148999 0.0290414 4 1 0
0.00499338 0.14874 0.0291265 4 1 0
0.0049937 0.148481 0.0292117 4 1 0
0.00499401 0.148221 0.0292971 4 1 0
0.00499432 0.147962 0.0293828 4 1 0
0.00499462 0.147704 0.0294684 4 1 0
0.00499491 0.147446 0.0295544 4 1 0
0.00499519 0.147188 0.0296404 4 1 0
0.00499546 0.146931 0.0297265 4 1 0
0.00499573 0.146673 0.029813 4 1 0
0.00499599 0.146417 0.0298996 4 1 0
0.00499623 0.14616 0.0299863 4 1 0
0.00499647 0.145904 0.0300733 4 1 0
0.0049967 0.145648 0.0301604 4 1 0
0.00499693 0.145393 0.0302476 4 1 0
0.00499714 0.145138 0.0303351 4 1 0
0.00499735 0.144883 0.0304228 4 1 0
0.00499754 0.144628 0.0305106 4 1 0
0.00499773 0.144374 0.0305986 4 1 0
0.00499791 0.14412 0.0306867 4 1 0
0.00499808 0.143866 0.0307751 4 1 0
0.00499824 0.143613 0.0308636 4 1 0
0.00499839 0.14336 0.0309524 4 1 0
0.00499853 0.143107 0.0310413 4 1 0
0.00499866 0.142855 0.0311304 4 1 0
0.00499879 0.142603 0.0312197 4 1 0
0.0049989 0.142351 0.0313091 4 1 0
0.00499901 0.142099 0.0313988 4 1 0
0.0049991 0.141848 0.0314886 4 1 0
0.00499919 0.141597 0.0315786 4 1 0
0.00499927 0.141346 0.0316688 4 1 0
0.00499934 0.141095 0.0317592 4 1 0
0.00499939 0.140845 0.0318498 4 1 0
0.00499944 0.140595 0.0319406 4 1 0
0.00499948 0.140346 0.0320315 4 1 0
0.00499951 0.140097 0.0321227 4 1 0
0.00499953 0.139847 0.0322139 4 1 0
0.00499954 0.139599 0.0323055 4 1 0
0.00499954 0.139497 0.0323431 4 1 0
0.00499953 0.139248 0.0324349 4 1 0
0.00499952 0.139001 0.0325269 4 1 0
0.00499949 0.138753 0.032619 4 1 0
0.00499946 0.138505 0.0327113 4 1 0
0.00499941 0.138259 0.0328039 4 1 0
0.00499936 0.138012 0.0328965 4 1 0
0.00499929 0.137765 0.0329894 4 1 0
0.00499921 0.137519 0.0330823 4 1 0
0.00499913 0.137274 0.0331754 4 1 0
0.00499903 0.137028 0.0332687 4 1 0
0.00499892 0.136783 0.0333622 4 1 0
0.0049988 0.136538 0.0334559 4 1 0
0.00499867 0.136294 0.0335499 4 1 0
0.00499853 0.13605 0.033644 4 1 0
0.00499838 0.135805 0.0337382 4 1 0
0.00499821 0.135562 0.0338328 4 1 0
0.00499804 0.135319 0.0339275 4 1 0
0.00499785 0.135076 0.0340223 4 1 0
0.00499766 0.134833 0.0341174 4 1 0
0.00499745 0.13459 0.0342126 4 1 0
0.00499723 0.134348 0.034308 4 1 0
0.004997 0.134106 0.0344039 4 1 0
0.00499675 0.133864 0.0344996 4 1 0
0.0049965 0.133623 0.0345955 4 1 0
0.00499623 0.133382 0.0346915 4 1 0
0.00499595 0.133141 0.0347879 4 1 0
0.00499566 0.132901 0.0348844 4 1 0
0.00499536 0.132661 0.0349812 4 1 0
0.00499505 0.132421 0.0350782 4 1 0
0.00499472 0.132181 0.0351753 4 1 0
0.00499438 0.131942 0.0352727 4 1 0
0.00499403 0.131703 0.0353703 4 1 0
0.00499366 0.131464 0.035468 4 1 0
0.00499329 0.131225 0.035566 4 1 0
0.0049929 0.130987 0.0356641 4 1 0
0.0049925 0.130749 0.0357625 4 1 0
0.00499208 0.130511 0.0358609 4 1 0
0.00499165 0.130273 0.0359595 4 1 0
0.00499121 0.130036 0.0360582 4 1 0
0.00499076 0.1298 0.0361573 4 1 0
0.00499029 0.129564 0.0362564 4 1 0
0.00498981 0.129327 0.0363558 4 1 0
0.00498931 0.129092 0.0364555 4 1 0
0.0049888 0.128856 0.0365552 4 1 0
0.00498828 0.128621 0.0366552 4 1 0
0.00498774 0.128386 0.0367556 4 1 0
0.00498719 0.128151 0.0368559 4 1 0
0.00498663 0.127916 0.0369565 4 1 0
0.00498605 0.127683 0.037057 4 1 0
0.00498546 0.127449 0.037158 4 1 0
0.00498485 0.127215 0.0372592 4 1 0
0.00498423 0.126982 0.0373606 4 1 0
0.00498359 0.126749 0.0374622 4 1 0
0.00498294 0.126516 0.037564 4 1 0
0.00498227 0.126283 0.0376661 4 1 0
0.00498159 0.126051 0.0377683 4 1 0
0.00498089 0.125819 0.0378708 4 1 0
0.00498018 0.125587 0.0379732 4 1 0
0.00497945 0.125356 0.0380759 4 1 0
0.00497871 0.125125 0.0381787 4 1 0
0.00497795 0.124893 0.0382819 4 1 0
0.00497717 0.124663 0.0383851 4 1 0
0.00497638 0.124432 0.0384886 4 1 0
0.00497557 0.124203 0.0385923 4 1 0
0.00497474 0.123974 0.0386962 4 1 0
0.0049739 0.123744 0.0388003 4 1 0
0.00497305 0.123515 0.0389047 4 1 0
0.00497217 0.123286 0.0390091 4 1 0
0.00497128 0.123058 0.0391138 4 1 0
0.00497037 0.12283 0.0392186 4 1 0
0.00496944 0.122602 0.0393238 4 1 0
0.0049685 0.122374 0.0394291 4 1 0
0.00496754 0.122146 0.0395347 4 1 0
0.00496656 0.121919 0.0396405 4 1 0
0.00496556 0.121692 0.0397465 4 1 0
0.00496454 0.121465 0.0398527 4 1 0
0.00496351 0.121238 0.0399591 4 1 0
0.00496245 0.121012 0.0400657 4 1 0
0.00496138 0.120786 0.0401722 4 1 0
0.00496029 0.120561 0.040279 4 1 0
0.00495918 0.120335 0.0403861 4 1 0
0.00495805 0.120111 0.0404934 4 1 0
0.0049569 0.119886 0.0406009 4 1 0
0.00495573 0.119662 0.0407086 4 1 0
0.00495454 0.119438 0.0408166 4 1 0
0.00495334 0.119214 0.0409247 4 1 0
0.00495211 0.11899 0.0410331 4 1 0
0.00495086 0.118767 0.0411418 4 1 0
0.00494958 0.118543 0.0412505 4 1 0
0.00494829 0.11832 0.0413595 4 1 0
0.00494698 0.118098 0.0414686 4 1 0
0.00494564 0.117875 0.041578 4 1 0
0.00494429 0.117653 0.0416876 4 1 0
0.00494291 0.117431 0.0417978 4 1 0
0.00494151 0.117209 0.0419078 4 1 0
0.00494008 0.116988 0.042018 4 1 0
0.00493864 0.116767 0.0421282 4 1 0
0.00493717 0.116546 0.0422388 4 1 0
0.00493567 0.116326 0.0423496 4 1 0
0.00493416 0.116106 0.0424607 4 1 0
0.00493262 0.115886 0.0425719 4 1 0
0.00493105 0.115667 0.0426834 4 1 0
0.00492946 0.115447 0.042795 4 1 0
0.00492785 0.115228 0.0429069 4 1 0
0.00492621 0.115009 0.043019 4 1 0
0.00492455 0.11479 0.0431314 4 1 0
0.00492286 0.114572 0.0432439 4 1 0
0.00492114 0.114354 0.0433567 4 1 0
0.0049194 0.114135 0.0434697 4 1 0
0.00491763 0.113917 0.0435829 4 1 0
0.00491584 0.1137 0.0436963 4 1 0
0.00491401 0.113484 0.0438102 4 1 0
0.00491216 0.113267 0.043924 4 1 0
0.00491029 0.11305 0.044038 4 1 0
0.00490838 0.112834 0.044152 4 1 0
0.00490645 0.112618 0.0442664 4 1 0
0.00490448 0.112402 0.0443811 4 1 0
0.00490249 0.112186 0.044496 4 1 0
0.00490047 0.11197 0.0446111 4 1 0
0.00489841 0.111755 0.0447264 4 1 0
0.00489633 0.111541 0.044842 4 1 0
0.00489422 0.111327 0.0449578 4 1 0
0.00489207 0.111112 0.0450738 4 1 0
0.00488989 0.110899 0.0451899 4 1 0
0.00488768 0.110685 0.0453064 4 1 0
0.00488544 0.110471 0.045423 4 1 0
0.00488316 0.110257 0.0455402 4 1 0
0.00488086 0.110044 0.0456574 4 1 0
0.00487851 0.109832 0.0457747 4 1 0
0.00487613 0.109619 0.0458919 4 1 0
0.00487372 0.109407 0.0460097 4 1 0
0.00487127 0.109195 0.0461276 4 1 0
0.00486879 0.108983 0.0462458 4 1 0
0.00486627 0.108772 0.0463643 4 1 0
0.00486371 0.108561 0.0464829 4 1 0
0.00486112 0.10835 0.0466018 4 1 0
0.00485848 0.108139 0.046721 4 1 0
0.00485581 0.107928 0.0468403 4 1 0
0.0048531 0.107718 0.0469599 4 1 0
0.00485035 0.107508 0.0470798 4 1 0
0.00484756 0.107298 0.0471998 4 1 0
0.00484473 0.107088 0.0473203 4 1 0
0.00484185 0.106878 0.0474408 4 1 0
0.00483893 0.106669 0.0475614 4 1 0
0.00483597 0.106461 0.0476821 4 1 0
0.00483297 0.106252 0.0478033 4 1 0
0.00482992 0.106044 0.0479247 4 1 0
0.00482683 0.105836 0.0480463 4 1 0
0.00482369 0.105628 0.0481682 4 1 0
0.00482051 0.10542 0.0482903 4 1 0
0.00481727 0.105212 0.0484128 4 1 0
0.00481399 0.105005 0.0485354 4 1 0
0.00481066 0.104798 0.0486583 4 1 0
0.00480728 0.104591 0.0487814 4 1 0
0.00480386 0.104385 0.0489047 4 1 0
0.00480037 0.104178 0.0490283 4 1 0
0.00479684 0.103973 0.0491518 4 1 0
0.00479325 0.103767 0.0492758 4 1 0
0.00478961 0.103561 0.0494 4 1 0
0.00478592 0.103355 0.0495244 4 1 0
0.00478217 0.10315 0.0496492 4 1 0
0.00477836 0.102945 0.0497742 4 1 0
0.00477449 0.102741 0.0498995 4 1 0
0.00477057 0.102536 0.050025 4 1 0
0.00476658 0.102332 0.0501507 4 1 0
0.00476254 0.102128 0.0502768 4 1 0
0.00475843 0.101924 0.0504031 4 1 0
0.00475426 0.101721 0.0505296 4 1 0
0.00475002 0.101517 0.0506563 4 1 0
0.00474572 0.101314 0.0507832 4 1 0
0.00474135 0.101111 0.0509103 4 1 0
0.00473691 0.100908 0.0510376 4 1 0
0.00473241 0.100706 0.0511653 4 1 0
0.00472783 0.100503 0.0512932 4 1 0
0.00472318 0.100302 0.0514214 4 1 0
0.00471845 0.1001 0.0515499 4 1 0
0.00471366 0.0998982 0.0516786 4 1 0
0.00470878 0.0996968 0.0518077 4 1 0
0.00470383 0.0994956 0.051937 4 1 0
0.00469879 0.0992946 0.0520666 4 1 0
0.00469368 0.0990935 0.0521965 4 1 0
0.00468848 0.0988929 0.0523265 4 1 0
0.0046832 0.0986925 0.0524568 4 1 0
0.00467783 0.0984925 0.0525873 4 1 0
0.00467237 0.0982925 0.0527181 4 1 0
0.00466682 0.0980928 0.0528492 4 1 0
0.00466118 0.0978932 0.0529803 4 1 0
0.00465545 0.0976938 0.053112 4 1 0
0.00464962 0.0974946 0.0532439 4 1 0
0.00464369 0.0972955 0.0533761 4 1 0
0.00463766 0.0970967 0.0535085 4 1 0
0.00463153 0.0968982 0.0536413 4 1 0
0.00462529 0.0967 0.0537743 4 1 0
0.00461894 0.0965018 0.0539076 4 1 0
0.00461249 0.0963037 0.0540412 4 1 0
0.00460592 0.0961053 0.0541751 4 1 0
0.00459924 0.0959076 0.0543092 4 1 0
0.00459244 0.0957102 0.0544436 4 1 0
0.00458552 0.0955133 0.0545783 4 1 0
0.00457847 0.0953163 0.0547132 4 1 0
0.0045713 0.0951194 0.0548485 4 1 0
0.004564 0.0949228 0.054984 4 1 0
0.00455656 0.0947263 0.0551198 4 1 0
0.00454899 0.0945299 0.0552559 4 1 0
0.00454129 0.0943334 0.0553923 4 1 0
0.00453343 0.0941373 0.055529 4 1 0
0.00452543 0.0939414 0.0556661 4 1 0
0.00451728 0.0937458 0.0558034 4 1 0
0.00450898 0.0935504 0.055941 4 1 0
0.00450052 0.0933551 0.056079 4 1 0
0.00449189 0.0931601 0.0562173 4 1 0
0.0044831 0.092965 0.0563559 4 1 0
0.00447413 0.0927701 0.0564947 4 1 0
0.00446499 0.0925749 0.0566339 4 1 0
0.00445567 0.0923803 0.0567734 4 1 0
0.00444616 0.092186 0.0569132 4 1 0
0.00443646 0.0919922 0.0570532 4 1 0
0.00442657 0.0917981 0.0571936 4 1 0
0.00441647 0.0916041 0.0573343 4 1 0
0.00440616 0.0914101 0.0574754 4 1 0
0.00439564 0.0912165 0.0576168 4 1 0
0.0043849 0.0910231 0.0577585 4 1 0
0.00437393 0.09083 0.0579005 4 1 0
0.00436272 0.0906367 0.0580429 4 1 0
0.00435128 0.0904436 0.0581856 4 1 0
0.00433958 0.0902507 0.0583285 4 1 0
0.00432763 0.0900579 0.0584718 4 1 0
0.00431542 0.0898653 0.0586155 4 1 0
0.00430293 0.0896725 0.0587595 4 1 0
0.00429016 0.08948 0.0589039 4 1 0
0.0042771 0.0892878 0.0590486 4 1 0
0.00426374 0.0890961 0.0591936 4 1 0
0.00425007 0.0889041 0.0593389 4 1 0
0.00423608 0.0887122 0.0594846 4 1 0
0.00422176 0.0885204 0.0596307 4 1 0
0.00420709 0.0883289 0.059777 4 1 0
0.00419207 0.0881375 0.0599237 4 1 0
0.00417669 0.0879459 0.0600707 4 1 0
0.00416093 0.087755 0.0602181 4 1 0
0.00414477 0.0875641 0.0603658 4 1 0
0.00412821 0.0873729 0.0605137 4 1 0
0.00411123 0.0871824 0.0606619 4 1 0
0.00409381 0.0869921 0.0608103 4 1 0
0.00407595 0.0868015 0.0609591 4 1 0
0.00405761 0.0866115 0.0611081 4 1 0
0.00403879 0.0864218 0.0612574 4 1 0
0.00401947 0.0862321 0.0614071 4 1 0
0.00399962 0.0860425 0.0615569 4 1 0
0.00397924 0.0858533 0.0617069 4 1 0
0.00395829 0.0856647 0.0618568 4 1 0
0.00393676 0.0854761 0.0620071 4 1 0
0.00391463 0.0852878 0.0621574 4 1 0
0.00389188 0.0851003 0.0623077 4 1 0
0.00386848 0.0849128 0.0624579 4 1 0
0.0038444 0.0847263 0.0626081 4 1 0
0.00381964 0.0845402 0.062758 4 1 0
0.00379415 0.0843549 0.0629075 4 1 0
0.00376793 0.0841706 0.0630568 4 1 0
0.00374094 0.0839871 0.063205 4 1 0
0.00371317 0.0838051 0.0633528 4 1 0
0.00368459 0.0836241 0.0634992 4 1 0
0.0036552 0.0834453 0.0636446 4 1 0
0.00362497 0.0832682 0.0637878 4 1 0
0.00359392 0.0830938 0.0639291 4 1 0
0.00356204 0.0829225 0.0640676 4 1 0
0.00352935 0.0827547 0.0642026 4 1 0
0.00349591 0.0825915 0.0643331 4 1 0
0.00346178 0.0824342 0.0644583 4 1 0
0.00342709 0.0822837 0.0645765 4 1 0
0.00339199 0.0821419 0.0646861 4 1 0
0.00335672 0.0820105 0.0647854 4 1 0
0.00332161 0.0818918 0.0648722 4 1 0
0.00328702 0.0817886 0.0649441 4 1 0
0.00325341 0.0817023 0.064999 4 1 0
0.00322123 0.0816356 0.0650354 4 1 0
0.00319089 0.0815885 0.0650523 4 1 0
0.00316269 0.081562 0.0650501 4 1 0
0.00313677 0.0815551 0.0650293 4 1 0
0.00311316 0.0815657 0.0649919 4 1 0
0.00309176 0.081593 0.0649395 4 1 0
0.00307241 0.0816341 0.0648742 4 1 0
0.00305493 0.0816877 0.0647978 4 1 0
0.00303912 0.081752 0.0647118 4 1 0
0.0030248 0.0818253 0.064618 4 1 0
0.00301178 0.0819065 0.0645168 4 1 0
0.00299991 0.0819948 0.0644099 4 1 0
0.00298906 0.082089 0.0642984 4 1 0
0.00297911 0.0821882 0.064182 4 1 0
0.00296996 0.0822921 0.0640624 4 1 0
0.00296151 0.0823999 0.0639396 4 1 0
0.00295368 0.082511 0.0638138 4 1 0
0.00294642 0.0826252 0.063686 4 1 0
0.00293967 0.082742 0.0635563 4 1 0
0.00293336 0.0828613 0.0634243 4 1 0
0.00292746 0.0829828 0.0632911 4 1 0
0.00292193 0.0831066 0.0631567 4 1 0
0.00291673 0.0832318 0.0630214 4 1 0
0.00291184 0.0833585 0.0628848 4 1 0
0.00290722 0.0834865 0.0627472 4 1 0
0.00290285 0.0836163 0.062609 4 1 0
0.00289872 0.083747 0.0624703 4 1 0
0.0028948 0.0838784 0.0623311 4 1 0
0.00289107 0.0840113 0.0621915 4 1 0
0.00288753 0.0841449 0.0620517 4 1 0
0.00288415 0.0842789 0.0619116 4 1 0
0.00288092 0.0844143 0.0617712 4 1 0
0.00287784 0.0845501 0.0616308 4 1 0
0.00287489 0.084686 0.0614899 4 1 0
0.00287207 0.0848233 0.061349 4 1 0
0.00286936 0.0849605 0.0612078 4 1 0
0.00286676 0.0850986 0.0610669 4 1 0
0.00286426 0.0852366 0.0609261 4 1 0
0.00286185 0.0853754 0.0607856 4 1 0
0.00285953 0.0855147 0.0606449 4 1 0
0.00285729 0.0856541 0.0605043 4 1 0
0.00285513 0.0857939 0.0603641 4 1 0
0.00285304 0.0859336 0.0602238 4 1 0
0.00285102 0.0860739 0.0600837 4 1 0
0.00284907 0.086214 0.0599439 4 1 0
0.00284718 0.0863552 0.0598043 4 1 0
0.00284534 0.0864957 0.0596649 4 1 0
0.00284356 0.0866367 0.0595257 4 1 0
0.00284183 0.0867779 0.0593868 4 1 0
0.00284015 0.0869195 0.0592482 4 1 0
0.00283852 0.0870607 0.0591098 4 1 0
0.00283693 0.0872016 0.0589716 4 1 0
0.00283538 0.0873438 0.0588336 4 1 0
0.00283387 0.0874852 0.0586962 4 1 0
0.0028324 0.0876266 0.0585588 4 1 0
0.00283096 0.0877688 0.0584218 4 1 0
0.00282956 0.0879106 0.0582854 4 1 0
0.00282819 0.0880521 0.058149 4 1 0
0.00282685 0.0881934 0.058013 4 1 0
0.00282554 0.0883355 0.0578775 4 1 0
0.00282426 0.0884775 0.0577422 4 1 0
0.00282301 0.0886189 0.0576073 4 1 0
0.00282178 0.0887603 0.0574729 4 1 0
0.00282057 0.0889018 0.0573386 4 1 0
0.00281939 0.0890439 0.0572048 4 1 0
0.00281823 0.0891853 0.0570716 4 1 0
0.0028171 0.0893265 0.0569385 4 1 0
0.00281598 0.089467 0.0568059 4 1 0
0.00281488 0.0896081 0.0566741 4 1 0
0.0028138 0.0897498 0.0565422 4 1 0
0.00281274 0.0898909 0.0564107 4 1 0
0.0028117 0.0900313 0.0562807 4 1 0
0.00281067 0.0901722 0.0561504 4 1 0
0.00280966 0.0903123 0.0560201 4 1 0
0.00280866 0.0904526 0.055889 4 1 0
0.00280768 0.0905921 0.0557597 4 1 0
0.00280671 0.0907316 0.0556308 4 1 0
0.00280575 0.090871 0.0555023 4 1 0
0.00280481 0.0910108 0.0553743 4 1 0
0.00280388 0.0911505 0.0552468 4 1 0
0.00280296 0.0912895 0.0551198 4 1 0
0.00280205 0.0914278 0.0549933 4 1 0
0.00280115 0.0915655 0.0548672 4 1 0
0.00280027 0.0917033 0.0547416 4 1 0
0.00279939 0.0918412 0.0546166 4 1 0
0.00279853 0.0919791 0.054492 4 1 0
0.00279767 0.0921163 0.0543678 4 1 0
0.00279682 0.0922527 0.0542443 4 1 0
0.00279598 0.0923883 0.0541213 4 1 0
0.00279515 0.0925237 0.0539986 4 1 0
0.00279432 0.0926595 0.0538767 4 1 0
0.00279351 0.0927951 0.0537553 4 1 0
0.0027927 0.0929296 0.0536342 4 1 0
0.00279189 0.0930637 0.0535139 4 1 0
0.0027911 0.0931969 0.0533942 4 1 0
0.00279031 0.0933301 0.0532749 4 1 0
0.00278952 0.093462 0.0531564 4 1 0
0.00278874 0.093593 0.0530385 4 1 0
0.00278797 0.0937243 0.052921 4 1 0
0.0027872 0.0938549 0.0528044 4 1 0
0.00278644 0.0939855 0.0526882 4 1 0
0.00278568 0.0941147 0.0525725 4 1 0
0.00278493 0.0942434 0.0524578 4 1 0
0.00278418 0.0943711 0.0523435 4 1 0
0.00278344 0.0944979 0.05223 4 1 0
0.0027827 0.0946237 0.0521174 4 1 0
0.00278196 0.0947482 0.0520052 4 1 0
0.00278123 0.0948721 0.051893 4 1 0
0.0027805 0.0949947 0.0517825 4 1 0
0.00277977 0.0951177 0.0516727 4 1 0
0.00277905 0.0952395 0.0515638 4 1 0
0.00277833 0.0953594 0.0514558 4 1 0
0.00277761 0.0954779 0.0513487 4 1 0
0.00277689 0.0955941 0.0512425 4 1 0
0.00277618 0.0957108 0.0511374 4 1 0
0.00277547 0.0958263 0.0510332 4 1 0
0.00277476 0.0959398 0.0509304 4 1 0
0.00277405 0.0960517 0.0508284 4 1 0
0.00277335 0.0961617 0.0507275 4 1 0
0.00277264 0.0962701 0.0506281 4 1 0
0.00277194 0.0963762 0.0505296 4 1 0
0.00277124 0.09648 0.0504319 4 1 0
0.00277054 0.0965829 0.0503355 4 1 0
0.00276985 0.0966844 0.0502405 4 1 0
0.00276915 0.0967834 0.050147 4 1 0
0.00276845 0.0968795 0.0500552 4 1 0
0.00276776 0.0969733 0.0499647 4 1 0
0.00276706 0.0970642 0.049876 4 1 0
0.00276637 0.0971519 0.0497889 4 1 0
0.00276568 0.0972364 0.0497038 4 1 0
0.00276499 0.0973176 0.0496207 4 1 0
0.0027643 0.0973965 0.0495398 4 1 0
0.00276361 0.0974721 0.049461 4 1 0
0.00276292 0.0975444 0.0493845 4 1 0
0.00276223 0.0976125 0.0493104 4 1 0
0.00276154 0.0976755 0.0492389 4 1 0
0.00276086 0.0977338 0.0491702 4 1 0
0.00276017 0.0977877 0.0491042 4 1 0
0.00275949 0.0978379 0.0490413 4 1 0
0.00275881 0.0978825 0.0489809 4 1 0
0.00275813 0.0979214 0.0489234 4 1 0
0.00275746 0.0979542 0.0488701 4 1 0
0.00275678 0.0979806 0.0488205 4 1 0
0.00275611 0.0980003 0.0487749 4 1 0
0.00275544 0.098015 0.0487336 4 1 0
0.00275478 0.0980226 0.0486966 4 1 0
0.00275413 0.0980228 0.0486645 4 1 0
0.00275347 0.0980155 0.0486368 4 1 0
0.00275283 0.0980005 0.0486134 4 1 0
0.00275219 0.0979771 0.0485941 4 1 0
0.00275156 0.0979465 0.0485804 4 1 0
0.00275094 0.0979096 0.0485717 4 1 0
0.00275032 0.0978652 0.0485683 4 1 0
0.00274972 0.097812 0.0485702 4 1 0
0.00274912 0.0977509 0.0485772 4 1 0
0.00274854 0.0976818 0.0485895 4 1 0
0.00274797 0.0976068 0.0486069 4 1 0
0.00274741 0.0975246 0.0486292 4 1 0
0.00274686 0.0974335 0.0486559 4 1 0
0.00274632 0.0973379 0.0486868 4 1 0
0.00274579 0.0972366 0.0487223 4 1 0
0.00274527 0.097128 0.0487624 4 1 0
0.00274477 0.0970154 0.0488064 4 1 0
0.00274428 0.0968974 0.0488545 4 1 0
0.00274379 0.0967741 0.0489064 4 1 0
0.00274332 0.0967478 0.048962 4 1 0
0.00274285 0.096717 0.049021 4 1 0
0.0027424 0.0966826 0.0490842 4 1 0
0.00274195 0.0966421 0.0491489 4 1 0
0.00274151 0.0965965 0.0492165 4 1 0
0.00274108 0.0965463 0.0492868 4 1 0
0.00274066 0.0964913 0.0493601 4 1 0
0.00274024 0.0964335 0.0494359 4 1 0
0.00273983 0.0963722 0.0495146 4 1 0
0.00273942 0.0963074 0.0495952 4 1 0
0.00273902 0.0962388 0.0496775 4 1 0
0.00273863 0.0961663 0.0497609 4 1 0
0.00273823 0.0960905 0.0498467 4 1 0
0.00273785 0.0960123 0.0499344 4 1 0
0.00273746 0.0959332 0.0500238 4 1 0
0.00273708 0.0958499 0.0501148 4 1 0
0.0027367 0.0957638 0.0502075 4 1 0
0.00273632 0.0956746 0.0503015 4 1 0
0.00273594 0.0955853 0.0503971 4 1 0
0.00273557 0.0954935 0.0504941 4 1 0
0.00273519 0.0953993 0.0505926 4 1 0
0.00273482 0.0953028 0.050692 4 1 0
0.00273444 0.0952041 0.0507919 4 1 0
0.00273407 0.0951047 0.0508926 4 1 0
0.00273369 0.0950037 0.0509951 4 1 0
0.00273332 0.0949008 0.0510988 4 1 0
0.00273294 0.094796 0.051204 4 1 0
0.00273256 0.0946895 0.05131 4 1 0
0.00273218 0.0945814 0.0514164 4 1 0
0.0027318 0.094473 0.0515233 4 1 0
0.00273141 0.0943635 0.0516313 4 1 0
0.00273102 0.0942531 0.0517402 4 1 0
0.00273063 0.0941412 0.05185 4 1 0
0.00273024 0.094028 0.0519607 4 1 0
0.00272984 0.0939134 0.0520722 4 1 0
0.00272944 0.0937983 0.0521845 4 1 0
0.00272904 0.0936818 0.0522974 4 1 0
0.00272863 0.093564 0.0524112 4 1 0
0.00272822 0.0934454 0.0525263 4 1 0
0.0027278 0.0933262 0.0526418 4 1 0
0.00272737 0.0932071 0.0527574 4 1 0
0.00272694 0.0930869 0.0528731 4 1 0
0.00272651 0.0929652 0.05299 4 1 0
0.00272607 0.0928425 0.0531077 4 1 0
0.00272562 0.0927195 0.0532261 4 1 0
0.00272517 0.0925965 0.0533452 4 1 0
0.00272471 0.0924725 0.0534649 4 1 0
0.00272424 0.0923474 0.053585 4 1 0
0.00272377 0.0922212 0.053706 4 1 0
0.00272328 0.092095 0.0538277 4 1 0
0.00272279 0.0919693 0.053949 4 1 0
0.0027223 0.091842 0.0540712 4 1 0
0.00272179 0.0917138 0.054194 4 1 0
0.00272127 0.0915857 0.0543174 4 1 0
0.00272075 0.0914563 0.0544416 4 1 0
0.00272021 0.0913268 0.0545663 4 1 0
0.00271967 0.091198 0.054692 4 1 0
0.00271911 0.0910676 0.0548173 4 1 0
0.00271854 0.0909364 0.0549432 4 1 0
0.00271796 0.090805 0.0550696 4 1 0
0.00271737 0.0906733 0.0551968 4 1 0
0.00271677 0.0905419 0.0553246 4 1 0
0.00271616 0.0904097 0.0554528 4 1 0
0.00271553 0.0902766 0.0555816 4 1 0
0.00271489 0.0901427 0.055711 4 1 0
0.00271424 0.0900095 0.0558411 4 1 0
0.00271357 0.0898762 0.0559716 4 1 0
0.00271288 0.089742 0.0561019 4 1 0
0.00271218 0.0896074 0.0562321 4 1 0
0.00271147 0.0894722 0.0563637 4 1 0
0.00271073 0.0893362 0.0564959 4 1 0
0.00270998 0.0892007 0.0566293 4 1 0
0.00270921 0.0890655 0.0567623 4 1 0
0.00270843 0.0889294 0.0568955 4 1 0
0.00270762 0.0887929 0.0570292 4 1 0
0.00270679 0.0886558 0.0571635 4 1 0
0.00270594 0.088518 0.0572984 4 1 0
0.00270507 0.0883812 0.0574339 4 1 0
0.00270418 0.0882431 0.0575698 4 1 0
0.00270326 0.0881058 0.0577063 4 1 0
0.00270232 0.0879678 0.057844 4 1 0
0.00270135 0.0878291 0.057981 4 1 0
0.00270036 0.0876897 0.0581186 4 1 0
0.00269934 0.0875513 0.0582565 4 1 0
0.00269828 0.0874124 0.0583953 4 1 0
0.0026972 0.0872726 0.0585346 4 1 0
0.00269609 0.0871325 0.0586746 4 1 0
0.00269494 0.0869929 0.058815 4 1 0
0.00269376 0.086853 0.058956 4 1 0
0.00269254 0.086712 0.0590969 4 1 0
0.00269128 0.0865718 0.0592384 4 1 0
0.00268998 0.0864308 0.0593804 4 1 0
0.00268864 0.0862898 0.0595229 4 1 0
0.00268726 0.0861482 0.0596661 4 1 0
0.00268582 0.0860061 0.0598097 4 1 0
0.00268434 0.085865 0.0599541 4 1 0
0.00268281 0.0857227 0.0600989 4 1 0
0.00268123 0.0855802 0.0602442 4 1 0
0.00267958 0.0854381 0.0603896 4 1 0
0.00267788 0.085295 0.0605356 4 1 0
0.00267612 0.0851523 0.0606822 4 1 0
0.00267428 0.0850093 0.0608293 4 1 0
0.00267238 0.0848656 0.0609769 4 1 0
0.00267039 0.084722 0.0611252 4 1 0
0.00266833 0.0845782 0.0612739 4 1 0
0.00266619 0.0844343 0.0614232 4 1 0
0.00266395 0.0842894 0.061573 4 1 0
0.00266162 0.0841454 0.0617235 4 1 0
0.00265918 0.0840006 0.0618744 4 1 0
0.00265663 0.0838553 0.062026 4 1 0
0.00265397 0.0837102 0.0621782 4 1 0
0.00265118 0.0835647 0.0623308 4 1 0
0.00264825 0.0834187 0.0624839 4 1 0
0.00264518 0.083273 0.0626375 4 1 0
0.00264195 0.0831264 0.0627918 4 1 0
0.00263856 0.08298 0.0629467 4 1 0
0.00263498 0.0828331 0.0631024 4 1 0
0.0026312 0.0826857 0.0632586 4 1 0
0.00262721 0.0825383 0.0634154 4 1 0
0.00262298 0.0823903 0.0635727 4 1 0
0.0026185 0.0822422 0.0637307 4 1 0
0.00261375 0.0820934 0.0638894 4 1 0
0.00260868 0.0819447 0.0640488 4 1 0
0.00260329 0.0817949 0.064209 4 1 0
0.00259752 0.0816452 0.06437 4 1 0
0.00259135 0.0814948 0.064532 4 1 0
0.00258472 0.081344 0.0646944 4 1 0
0.00257759 0.0811922 0.0648578 4 1 0
0.00256989 0.0810401 0.0650222 4 1 0
0.00256157 0.0808872 0.0651877 4 1 0
0.00255254 0.0807333 0.0653539 4 1 0
0.0025427 0.0805788 0.0655212 4 1 0
0.00253196 0.0804229 0.0656898 4 1 0
0.00252019 0.0802661 0.0658594 4 1 0
0.00250723 0.0801083 0.0660306 4 1 0
0.00249293 0.0799488 0.0662029 4 1 0
0.00247707 0.0797878 0.066377 4 1 0
0.00245943 0.079625 0.0665523 4 1 0
0.00243973 0.0794602 0.0667295 4 1 0
0.00241767 0.0792935 0.0669082 4 1 0
0.00239292 0.0791244 0.0670883 4 1 0
0.00236512 0.0789535 0.0672696 4 1 0
0.00233393 0.078781 0.0674514 4 1 0
0.00229908 0.078607 0.067633 4 1 0
0.00226038 0.0784329 0.0678131 4 1 0
0.00221783 0.0782602 0.0679897 4 1 0
0.00217164 0.0780909 0.06816 4 1 0
0.00212229 0.0779286 0.0683197 4 1 0
0.00207065 0.0777788 0.0684613 4 1 0
0.00201865 0.0776526 0.0685695 4 1 0
0.00197104 0.0775719 0.0686154 4 1 0
0.00193563 0.0775555 0.068577 4 1 0
0.00191338 0.0775857 0.0684822 4 1 0
0.00189897 0.0776362 0.0683637 4 1 0
0.00188885 0.0776938 0.0682372 4 1 0
0.00188129 0.0777517 0.0681104 4 1 0
0.00187535 0.0778059 0.0679882 4 1 0
0.00187051 0.0778536 0.0678738 4 1 0
0.00186643 0.0778932 0.0677689 4 1 0
0.00186289 0.0779231 0.0676763 4 1 0
0.00185976 0.0779419 0.0675959 4 1 0
0.00185692 0.0779488 0.0675303 4 1 0
0.00185431 0.0779427 0.0674798 4 1 0
0.00185186 0.0779229 0.0674457 4 1 0
0.00184952 0.0778893 0.0674279 4 1 0
0.00184726 0.0778411 0.0674276 4 1 0
0.00184504 0.0777786 0.0674448 4 1 0
0.00184284 0.0777017 0.0674793 4 1 0
0.00184061 0.0776105 0.0675316 4 1 0
0.00183832 0.0775057 0.0676004 4 1 0
0.00183595 0.0773881 0.0676856 4 1 0
0.00183345 0.0772582 0.0677865 4 1 0
0.00183075 0.0771176 0.0679022 4 1 0
0.00182781 0.0769667 0.0680312 4 1 0
0.00182453 0.0768076 0.0681726 4 1 0
0.00182079 0.0766415 0.068325 4 1 0
0.00181642 0.0765103 0.0684869 4 1 0
0.00181115 0.0765317 0.0686561 4 1 0
0.00180459 0.0765458 0.0688306 4 1 0
0.00179607 0.0765536 0.0690078 4 1 0
0.00178438 0.076555 0.0691839 4 1 0
0.00176733 0.0765474 0.0693557 4 1 0
0.00174073 0.076523 0.0695204 4 1 0
0.00169889 0.076465 0.069678 4 1 0
0.00164273 0.0763677 0.0698276 4 1 0
0.00158142 0.0762508 0.0699665 4 1 0
0.00151874 0.0761298 0.0700968 4 1 0
0.00145557 0.0760191 0.0702124 4 1 0
0.00139543 0.075974 0.070285 4 1 0
0.00139145 0.0759654 0.0703018 4 1 0
0.00138897 0.0759558 0.0703172 4 1 0
0.0013855 0.0759355 0.0703462 4 1 0
0.00137759 0.0758629 0.070434 4 1 0
0.00137248 0.0758118 0.0704863 4 1 0
0.00136611 0.0757603 0.0705297 4 1 0
0.00135633 0.0757125 0.0705586 4 1 0
0.00134078 0.0756762 0.0705748 4 1 0
0.00131159 0.0756288 0.0706092 4 1 0
0.00127923 0.0755723 0.070661 4 1 0
0.001231 0.0754815 0.0707487 4 1 0
0.00116639 0.0753555 0.0708733 4 1 0
0.00110167 0.0752432 0.0710148 4 1 0
0.00103567 0.0750953 0.0711266 4 1 0
0.000970549 0.074965 0.0712532 4 1 0
0.000905706 0.0748381 0.0713773 4 1 0
0.000840838 0.0747096 0.0715032 4 1 0
0.000775965 0.0745824 0.0716281 4 1 0
0.000711089 0.0744558 0.0717525 4 1 0
0.000646214 0.0743299 0.0718765 4 1 0
0.000581343 0.0742046 0.072 4 1 0
0.000516479 0.0740798 0.0721232 4 1 0
0.000451623 0.0739555 0.0722461 4 1 0
0.000386774 0.0738316 0.0723687 4 1 0
0.000321934 0.0737082 0.0724911 4 1 0
0.000257102 0.0735851 0.0726133 4 1 0
0.000192276 0.0734623 0.0727354 4 1 0
0.000127455 0.0733399 0.0728574 4 1 0
6.26375e-05 0.0732183 0.0729788 4 1 0
-2.1777e-06 0.073122 0.073081 4 1 0
0.004 0.427484 0.00143517 4 1 0
0.00401115 0.422007 0.00165583 3 1 0
0.00418984 0.385266 0.00238649 3 1 0
0.00420253 0.382813 0.00244598 3 1 0
0.00422084 0.379166 0.00253734 3 1 0
0.00424045 0.375286 0.00263816 3 1 0
0.00426017 0.371428 0.00274271 3 1 0
0.00427993 0.367593 0.00285114 3 1 0
0.0042997 0.363773 0.00296351 3 1 0
0.0043195 0.359974 0.00307947 3 1 0
0.0043393 0.356201 0.00319983 3 1 0
0.00435911 0.352439 0.00332445 3 1 0
0.00437893 0.348705 0.00345289 3 1 0
0.00439875 0.344996 0.0035861 3 1 0
0.00441857 0.341299 0.0037239 3 1 0
0.00443839 0.337632 0.00386594 3 1 0
0.0044582 0.333987 0.004013 3 1 0
0.00447799 0.330359 0.00416498 3 1 0
0.00449778 0.326757 0.00432166 3 1 0
0.00451754 0.323181 0.00448346 3 1 0
0.00453729 0.319624 0.00465053 3 1 0
0.00455701 0.316089 0.00482287 3 1 0
0.00457671 0.312584 0.00500065 3 1 0
0.00459637 0.309096 0.00518406 3 1 0
0.00461601 0.305634 0.00537294 3 1 0
0.00463561 0.302199 0.00556759 3 1 0
0.00465517 0.298782 0.00576824 3 1 0
0.00467469 0.295391 0.00597478 3 1 0
0.00469417 0.292031 0.00618759 3 1 0
0.0047136 0.288686 0.00640676 3 1 0
0.00473298 0.285371 0.0066317 3 1 0
0.00475231 0.28208 0.0068636 3 1 0
0.00477159 0.278811 0.00710204 3 1 0
0.00479081 0.275565 0.00734691 3 1 0
0.00480997 0.272352 0.00759884 3 1 0
0.00482907 0.269154 0.00785734 3 1 0
0.00484811 0.265989 0.0081234 3 1 0
0.00486708 0.26284 0.00839605 3 1 0
0.00488599 0.259726 0.0086761 3 1 0
0.00490482 0.256627 0.00896375 3 1 0
0.00492359 0.253562 0.00925869 3 1 0
0.00494229 0.250514 0.00956137 3 1 0
0.00496091 0.247494 0.00987173 3 1 0
0.00497946 0.244502 0.0101898 3 1 0
0.00499793 0.241529 0.010516 3 1 0
0.00501632 0.238584 0.01085 3 1 0
0.00503464 0.235665 0.0111924 3 1 0
0.00505288 0.232767 0.0115432 3 1 0
0.00507104 0.229897 0.0119016 3 1 0
0.00508912 0.227049 0.0122691 3 1 0
0.00510712 0.224228 0.0126453 3 1 0
0.00512504 0.221431 0.0130294 3 1 0
0.00514288 0.218655 0.013423 3 1 0
0.00516064 0.215909 0.013825 3 1 0
0.00517832 0.213184 0.0142358 3 1 0
0.00519593 0.210483 0.0146562 3 1 0
0.00521346 0.207808 0.0150855 3 1 0
0.00523091 0.205154 0.0155236 3 1 0
0.00524829 0.202529 0.0159717 3 1 0
0.00526559 0.199922 0.0164291 3 1 0
0.00528283 0.197344 0.0168955 3 1 0
0.0053 0.194787 0.017372 3 1 0
0.0053171 0.192256 0.0178584 3 1 0
0.00533414 0.189746 0.0183538 3 1 0
0.00535112 0.18726 0.0188595 3 1 0
0.00536805 0.184798 0.0193754 3 1 0
0.00538493 0.182357 0.0199013 3 1 0
0.00540176 0.179943 0.0204368 3 1 0
0.00540178 0.179941 0.0204372 4 1 0
0.00541857 0.177546 0.0209832 4 1 0
0.00543532 0.175178 0.0215399 4 1 0
0.00545205 0.172828 0.0221068 4 1 0
0.00546875 0.170505 0.0226837 4 1 0
0.00548545 0.168203 0.0232714 4 1 0
0.00550214 0.165921 0.0238699 4 1 0
0.00551883 0.163664 0.0244791 4 1 0
0.00553554 0.161427 0.0250992 4 1 0
0.00555227 0.159214 0.0257297 4 1 0
0.00556904 0.157021 0.0263715 4 1 0
0.00558586 0.15485 0.0270241 4 1 0
0.00560275 0.152701 0.027688 4 1 0
0.00561971 0.150573 0.0283633 4 1 0
0.00563678 0.148465 0.0290494 4 1 0
0.00565396 0.14638 0.0297472 4 1 0
0.00567128 0.144315 0.0304567 4 1 0
0.00568876 0.142269 0.0311771 4 1 0
0.00570642 0.140247 0.0319094 4 1 0
0.0057243 0.138242 0.0326534 4 1 0
0.00574243 0.13626 0.0334092 4 1 0
0.00576083 0.134296 0.0341771 4 1 0
0.00577955 0.132353 0.0349569 4 1 0
0.00579863 0.130429 0.0357488 4 1 0
0.00581812 0.128525 0.0365524 4 1 0
0.00583807 0.126641 0.0373685 4 1 0
0.00585854 0.124774 0.0381969 4 1 0
0.0058796 0.122929 0.039038 4 1 0
0.00590133 0.121101 0.0398917 4 1 0
0.0059238 0.119291 0.0407582 4 1 0
0.00594712 0.117501 0.0416371 4 1 0
0.00597139 0.115729 0.042529 4 1 0
0.00599676 0.113974 0.043434 4 1 0
0.00602336 0.112238 0.0443523 4 1 0
0.00605138 0.110519 0.045284 4 1 0
0.006081 0.108818 0.0462294 4 1 0
0.00611247 0.107134 0.0471884 4 1 0
0.00614607 0.105467 0.0481608 4 1 0
0.00618212 0.103816 0.0491477 4 1 0
0.00622103 0.102183 0.050149 4 1 0
0.00626327 0.100565 0.0511644 4 1 0
0.00630945 0.0989635 0.0521947 4 1 0
0.00636029 0.0973774 0.0532403 4 1 0
0.00641669 0.0958065 0.0543015 4 1 0
0.00647982 0.0942509 0.0553782 4 1 0
0.00655116 0.0927094 0.0564711 4 1 0
0.00663266 0.0911823 0.0575809 4 1 0
0.0067269 0.0896683 0.0587078 4 1 0
0.00683742 0.0881677 0.0598526 4 1 0
0.00696919 0.0866793 0.061016 4 1 0
0.00712937 0.0852024 0.062199 4 1 0
0.00732869 0.0837364 0.0634025 4 1 0
0.00758397 0.0822811 0.0646269 4 1 0
0.00792302 0.0808361 0.0658729 4 1 0
0.00839479 0.0794043 0.0671387 4 1 0
0.0090919 0.0779941 0.0684164 4 1 0
0.0102021 0.076632 0.0696809 4 1 0
0.0121182 0.075386 0.0708645 4 1 0
0.0156407 0.0743749 0.0718444 4 1 0
0.0226376 0.0736808 0.0725274 4 1 0
0.0403765 0.07328 0.0729257 4 1 0
0.11333 0.0731251 0.0730803 4 1 0
0.206674 0.0731094 0.073096 4 1 0
0.286936 0.0731062 0.0730992 4 1 0
0.366909 0.0731048 0.0731006 4 1 0
0.446891 0.0731041 0.0731013 4 1 0
0.526881 0.0731037 0.0731017 4 1 0
0.606874 0.0731035 0.0731019 4 1 0
0.686871 0.0731033 0.0731021 4 1 0
0.766868 0.0731032 0.0731022 4 1 0
0.846867 0.0731031 0.0731023 4 1 0
0.926866 0.073103 0.0731024 4 1 0
1.00686 0.073103 0.0731024 4 1 0
